1 2 8.0
1 3 39.0
1 4 37.0
1 5 50.0
1 6 61.0
1 7 58.0
1 8 59.0
1 9 62.0
1 10 81.0
1 11 103.0
1 12 108.0
1 13 145.0
1 14 181.0
1 15 187.0
1 16 161.0
1 17 142.0
1 18 174.0
1 19 185.0
1 20 164.0
1 21 137.0
1 22 117.0
1 23 114.0
1 24 85.0
1 25 77.0
1 26 87.0
1 27 91.0
1 28 105.0
1 29 111.0
1 30 91.0
1 31 83.0
1 32 89.0
1 33 95.0
1 34 74.0
1 35 67.0
1 36 74.0
1 37 57.0
1 38 45.0
1 39 35.0
1 40 29.0
1 41 3.0
1 42 5.0
2 1 8.0
2 3 45.0
2 4 47.0
2 5 49.0
2 6 62.0
2 7 60.0
2 8 60.0
2 9 66.0
2 10 81.0
2 11 107.0
2 12 117.0
2 13 149.0
2 14 185.0
2 15 191.0
2 16 170.0
2 17 146.0
2 18 178.0
2 19 186.0
2 20 165.0
2 21 139.0
2 22 122.0
2 23 118.0
2 24 89.0
2 25 80.0
2 26 89.0
2 27 93.0
2 28 106.0
2 29 113.0
2 30 92.0
2 31 85.0
2 32 91.0
2 33 97.0
2 34 81.0
2 35 69.0
2 36 76.0
2 37 59.0
2 38 46.0
2 39 37.0
2 40 33.0
2 41 11.0
2 42 12.0
3 1 39.0
3 2 45.0
3 4 9.0
3 5 21.0
3 6 21.0
3 7 16.0
3 8 15.0
3 9 20.0
3 10 40.0
3 11 62.0
3 12 66.0
3 13 104.0
3 14 140.0
3 15 146.0
3 16 120.0
3 17 101.0
3 18 133.0
3 19 142.0
3 20 120.0
3 21 94.0
3 22 77.0
3 23 73.0
3 24 44.0
3 25 36.0
3 26 44.0
3 27 48.0
3 28 62.0
3 29 69.0
3 30 50.0
3 31 42.0
3 32 55.0
3 33 64.0
3 34 44.0
3 35 42.0
3 36 61.0
3 37 46.0
3 38 41.0
3 39 35.0
3 40 30.0
3 41 41.0
3 42 55.0
4 1 37.0
4 2 47.0
4 3 9.0
4 5 15.0
4 6 20.0
4 7 17.0
4 8 20.0
4 9 25.0
4 10 44.0
4 11 67.0
4 12 71.0
4 13 108.0
4 14 144.0
4 15 150.0
4 16 124.0
4 17 104.0
4 18 138.0
4 19 143.0
4 20 123.0
4 21 96.0
4 22 80.0
4 23 78.0
4 24 48.0
4 25 40.0
4 26 46.0
4 27 50.0
4 28 63.0
4 29 71.0
4 30 51.0
4 31 43.0
4 32 55.0
4 33 63.0
4 34 43.0
4 35 41.0
4 36 60.0
4 37 41.0
4 38 34.0
4 39 26.0
4 40 21.0
4 41 37.0
4 42 41.0
5 1 50.0
5 2 49.0
5 3 21.0
5 4 15.0
5 6 17.0
5 7 18.0
5 8 26.0
5 9 31.0
5 10 50.0
5 11 72.0
5 12 77.0
5 13 114.0
5 14 150.0
5 15 156.0
5 16 130.0
5 17 111.0
5 18 143.0
5 19 140.0
5 20 124.0
5 21 94.0
5 22 83.0
5 23 84.0
5 24 53.0
5 25 46.0
5 26 46.0
5 27 48.0
5 28 64.0
5 29 66.0
5 30 46.0
5 31 38.0
5 32 50.0
5 33 56.0
5 34 35.0
5 35 31.0
5 36 42.0
5 37 25.0
5 38 20.0
5 39 18.0
5 40 18.0
5 41 47.0
5 42 53.0
6 1 61.0
6 2 62.0
6 3 21.0
6 4 20.0
6 5 17.0
6 7 6.0
6 8 17.0
6 9 22.0
6 10 41.0
6 11 63.0
6 12 68.0
6 13 106.0
6 14 142.0
6 15 142.0
6 16 115.0
6 17 97.0
6 18 129.0
6 19 130.0
6 20 106.0
6 21 80.0
6 22 68.0
6 23 69.0
6 24 41.0
6 25 34.0
6 26 30.0
6 27 34.0
6 28 47.0
6 29 51.0
6 30 30.0
6 31 22.0
6 32 34.0
6 33 42.0
6 34 23.0
6 35 25.0
6 36 44.0
6 37 30.0
6 38 34.0
6 39 34.0
6 40 35.0
6 41 57.0
6 42 64.0
7 1 58.0
7 2 60.0
7 3 16.0
7 4 17.0
7 5 18.0
7 6 6.0
7 8 10.0
7 9 15.0
7 10 35.0
7 11 57.0
7 12 61.0
7 13 99.0
7 14 135.0
7 15 137.0
7 16 110.0
7 17 91.0
7 18 123.0
7 19 126.0
7 20 106.0
7 21 78.0
7 22 62.0
7 23 63.0
7 24 34.0
7 25 27.0
7 26 28.0
7 27 32.0
7 28 46.0
7 29 53.0
7 30 34.0
7 31 26.0
7 32 39.0
7 33 49.0
7 34 30.0
7 35 32.0
7 36 51.0
7 37 36.0
7 38 38.0
7 39 36.0
7 40 33.0
7 41 55.0
7 42 61.0
8 1 59.0
8 2 60.0
8 3 15.0
8 4 20.0
8 5 26.0
8 6 17.0
8 7 10.0
8 9 5.0
8 10 24.0
8 11 46.0
8 12 51.0
8 13 88.0
8 14 124.0
8 15 130.0
8 16 104.0
8 17 85.0
8 18 117.0
8 19 124.0
8 20 105.0
8 21 77.0
8 22 60.0
8 23 57.0
8 24 28.0
8 25 19.0
8 26 29.0
8 27 33.0
8 28 49.0
8 29 56.0
8 30 38.0
8 31 32.0
8 32 44.0
8 33 56.0
8 34 39.0
8 35 41.0
8 36 60.0
8 37 47.0
8 38 48.0
8 39 46.0
8 40 40.0
8 41 58.0
8 42 61.0
9 1 62.0
9 2 66.0
9 3 20.0
9 4 25.0
9 5 31.0
9 6 22.0
9 7 15.0
9 8 5.0
9 10 20.0
9 11 41.0
9 12 46.0
9 13 84.0
9 14 120.0
9 15 125.0
9 16 105.0
9 17 86.0
9 18 118.0
9 19 128.0
9 20 110.0
9 21 84.0
9 22 61.0
9 23 59.0
9 24 29.0
9 25 21.0
9 26 32.0
9 27 36.0
9 28 54.0
9 29 61.0
9 30 43.0
9 31 36.0
9 32 49.0
9 33 60.0
9 34 44.0
9 35 46.0
9 36 66.0
9 37 52.0
9 38 53.0
9 39 51.0
9 40 45.0
9 41 63.0
9 42 66.0
10 1 81.0
10 2 81.0
10 3 40.0
10 4 44.0
10 5 50.0
10 6 41.0
10 7 35.0
10 8 24.0
10 9 20.0
10 11 23.0
10 12 26.0
10 13 63.0
10 14 99.0
10 15 105.0
10 16 90.0
10 17 75.0
10 18 107.0
10 19 118.0
10 20 104.0
10 21 77.0
10 22 50.0
10 23 48.0
10 24 22.0
10 25 14.0
10 26 27.0
10 27 30.0
10 28 48.0
10 29 57.0
10 30 49.0
10 31 51.0
10 32 63.0
10 33 75.0
10 34 62.0
10 35 64.0
10 36 83.0
10 37 71.0
10 38 73.0
10 39 70.0
10 40 65.0
10 41 83.0
10 42 84.0
11 1 103.0
11 2 107.0
11 3 62.0
11 4 67.0
11 5 72.0
11 6 63.0
11 7 57.0
11 8 46.0
11 9 41.0
11 10 23.0
11 12 11.0
11 13 49.0
11 14 85.0
11 15 90.0
11 16 72.0
11 17 51.0
11 18 83.0
11 19 93.0
11 20 86.0
11 21 56.0
11 22 34.0
11 23 28.0
11 24 23.0
11 25 29.0
11 26 36.0
11 27 34.0
11 28 46.0
11 29 59.0
11 30 60.0
11 31 63.0
11 32 76.0
11 33 86.0
11 34 78.0
11 35 83.0
11 36 102.0
11 37 93.0
11 38 96.0
11 39 93.0
11 40 87.0
11 41 105.0
11 42 111.0
12 1 108.0
12 2 117.0
12 3 66.0
12 4 71.0
12 5 77.0
12 6 68.0
12 7 61.0
12 8 51.0
12 9 46.0
12 10 26.0
12 11 11.0
12 13 40.0
12 14 76.0
12 15 81.0
12 16 62.0
12 17 59.0
12 18 84.0
12 19 101.0
12 20 97.0
12 21 64.0
12 22 42.0
12 23 36.0
12 24 35.0
12 25 40.0
12 26 47.0
12 27 45.0
12 28 59.0
12 29 71.0
12 30 71.0
12 31 75.0
12 32 87.0
12 33 97.0
12 34 89.0
12 35 90.0
12 36 110.0
12 37 98.0
12 38 99.0
12 39 97.0
12 40 91.0
12 41 109.0
12 42 113.0
13 1 145.0
13 2 149.0
13 3 104.0
13 4 108.0
13 5 114.0
13 6 106.0
13 7 99.0
13 8 88.0
13 9 84.0
13 10 63.0
13 11 49.0
13 12 40.0
13 14 35.0
13 15 41.0
13 16 34.0
13 17 29.0
13 18 54.0
13 19 72.0
13 20 71.0
13 21 65.0
13 22 49.0
13 23 43.0
13 24 69.0
13 25 77.0
13 26 78.0
13 27 77.0
13 28 85.0
13 29 96.0
13 30 103.0
13 31 106.0
13 32 120.0
13 33 126.0
13 34 121.0
13 35 130.0
13 36 147.0
13 37 136.0
13 38 137.0
13 39 134.0
13 40 117.0
13 41 147.0
13 42 150.0
14 1 181.0
14 2 185.0
14 3 140.0
14 4 144.0
14 5 150.0
14 6 142.0
14 7 135.0
14 8 124.0
14 9 120.0
14 10 99.0
14 11 85.0
14 12 76.0
14 13 35.0
14 15 10.0
14 16 31.0
14 17 53.0
14 18 46.0
14 19 69.0
14 20 93.0
14 21 90.0
14 22 82.0
14 23 77.0
14 24 105.0
14 25 114.0
14 26 116.0
14 27 115.0
14 28 119.0
14 29 130.0
14 30 141.0
14 31 142.0
14 32 155.0
14 33 160.0
14 34 159.0
14 35 164.0
14 36 185.0
14 37 172.0
14 38 176.0
14 39 171.0
14 40 166.0
14 41 186.0
14 42 186.0
15 1 187.0
15 2 191.0
15 3 146.0
15 4 150.0
15 5 156.0
15 6 142.0
15 7 137.0
15 8 130.0
15 9 125.0
15 10 105.0
15 11 90.0
15 12 81.0
15 13 41.0
15 14 10.0
15 16 27.0
15 17 48.0
15 18 35.0
15 19 58.0
15 20 82.0
15 21 87.0
15 22 77.0
15 23 72.0
15 24 102.0
15 25 111.0
15 26 112.0
15 27 110.0
15 28 115.0
15 29 126.0
15 30 136.0
15 31 140.0
15 32 150.0
15 33 155.0
15 34 155.0
15 35 160.0
15 36 179.0
15 37 172.0
15 38 178.0
15 39 176.0
15 40 171.0
15 41 188.0
15 42 192.0
16 1 161.0
16 2 170.0
16 3 120.0
16 4 124.0
16 5 130.0
16 6 115.0
16 7 110.0
16 8 104.0
16 9 105.0
16 10 90.0
16 11 72.0
16 12 62.0
16 13 34.0
16 14 31.0
16 15 27.0
16 17 21.0
16 18 26.0
16 19 58.0
16 20 62.0
16 21 58.0
16 22 60.0
16 23 45.0
16 24 74.0
16 25 84.0
16 26 84.0
16 27 83.0
16 28 88.0
16 29 98.0
16 30 109.0
16 31 112.0
16 32 123.0
16 33 128.0
16 34 127.0
16 35 133.0
16 36 155.0
16 37 148.0
16 38 151.0
16 39 151.0
16 40 144.0
16 41 164.0
16 42 166.0
17 1 142.0
17 2 146.0
17 3 101.0
17 4 104.0
17 5 111.0
17 6 97.0
17 7 91.0
17 8 85.0
17 9 86.0
17 10 75.0
17 11 51.0
17 12 59.0
17 13 29.0
17 14 53.0
17 15 48.0
17 16 21.0
17 18 31.0
17 19 43.0
17 20 42.0
17 21 36.0
17 22 30.0
17 23 27.0
17 24 56.0
17 25 64.0
17 26 66.0
17 27 63.0
17 28 66.0
17 29 75.0
17 30 90.0
17 31 93.0
17 32 100.0
17 33 104.0
17 34 108.0
17 35 114.0
17 36 133.0
17 37 126.0
17 38 131.0
17 39 129.0
17 40 125.0
17 41 144.0
17 42 147.0
18 1 174.0
18 2 178.0
18 3 133.0
18 4 138.0
18 5 143.0
18 6 129.0
18 7 123.0
18 8 117.0
18 9 118.0
18 10 107.0
18 11 83.0
18 12 84.0
18 13 54.0
18 14 46.0
18 15 35.0
18 16 26.0
18 17 31.0
18 19 26.0
18 20 45.0
18 21 68.0
18 22 62.0
18 23 59.0
18 24 88.0
18 25 96.0
18 26 98.0
18 27 97.0
18 28 98.0
18 29 98.0
18 30 115.0
18 31 126.0
18 32 123.0
18 33 128.0
18 34 136.0
18 35 146.0
18 36 159.0
18 37 158.0
18 38 163.0
18 39 161.0
18 40 157.0
18 41 176.0
18 42 180.0
19 1 185.0
19 2 186.0
19 3 142.0
19 4 143.0
19 5 140.0
19 6 130.0
19 7 126.0
19 8 124.0
19 9 128.0
19 10 118.0
19 11 93.0
19 12 101.0
19 13 72.0
19 14 69.0
19 15 58.0
19 16 58.0
19 17 43.0
19 18 26.0
19 20 22.0
19 21 50.0
19 22 70.0
19 23 69.0
19 24 99.0
19 25 107.0
19 26 95.0
19 27 91.0
19 28 79.0
19 29 85.0
19 30 99.0
19 31 108.0
19 32 109.0
19 33 113.0
19 34 124.0
19 35 134.0
19 36 146.0
19 37 147.0
19 38 159.0
19 39 163.0
19 40 156.0
19 41 182.0
19 42 188.0
20 1 164.0
20 2 165.0
20 3 120.0
20 4 123.0
20 5 124.0
20 6 106.0
20 7 106.0
20 8 105.0
20 9 110.0
20 10 104.0
20 11 86.0
20 12 97.0
20 13 71.0
20 14 93.0
20 15 82.0
20 16 62.0
20 17 42.0
20 18 45.0
20 19 22.0
20 21 30.0
20 22 49.0
20 23 55.0
20 24 81.0
20 25 87.0
20 26 75.0
20 27 72.0
20 28 59.0
20 29 62.0
20 30 81.0
20 31 88.0
20 32 86.0
20 33 90.0
20 34 101.0
20 35 111.0
20 36 122.0
20 37 124.0
20 38 135.0
20 39 139.0
20 40 139.0
20 41 161.0
20 42 167.0
21 1 137.0
21 2 139.0
21 3 94.0
21 4 96.0
21 5 94.0
21 6 80.0
21 7 78.0
21 8 77.0
21 9 84.0
21 10 77.0
21 11 56.0
21 12 64.0
21 13 65.0
21 14 90.0
21 15 87.0
21 16 58.0
21 17 36.0
21 18 68.0
21 19 50.0
21 20 30.0
21 22 21.0
21 23 27.0
21 24 54.0
21 25 60.0
21 26 47.0
21 27 44.0
21 28 31.0
21 29 38.0
21 30 53.0
21 31 60.0
21 32 62.0
21 33 67.0
21 34 75.0
21 35 85.0
21 36 98.0
21 37 121.0
21 38 108.0
21 39 118.0
21 40 113.0
21 41 134.0
21 42 140.0
22 1 117.0
22 2 122.0
22 3 77.0
22 4 80.0
22 5 83.0
22 6 68.0
22 7 62.0
22 8 60.0
22 9 61.0
22 10 50.0
22 11 34.0
22 12 42.0
22 13 49.0
22 14 82.0
22 15 77.0
22 16 60.0
22 17 30.0
22 18 62.0
22 19 70.0
22 20 49.0
22 21 21.0
22 23 5.0
22 24 32.0
22 25 40.0
22 26 36.0
22 27 32.0
22 28 36.0
22 29 47.0
22 30 61.0
22 31 64.0
22 32 71.0
22 33 76.0
22 34 79.0
22 35 84.0
22 36 105.0
22 37 97.0
22 38 102.0
22 39 102.0
22 40 95.0
22 41 119.0
22 42 124.0
23 1 114.0
23 2 118.0
23 3 73.0
23 4 78.0
23 5 84.0
23 6 69.0
23 7 63.0
23 8 57.0
23 9 59.0
23 10 48.0
23 11 28.0
23 12 36.0
23 13 43.0
23 14 77.0
23 15 72.0
23 16 45.0
23 17 27.0
23 18 59.0
23 19 69.0
23 20 55.0
23 21 27.0
23 22 5.0
23 24 29.0
23 25 37.0
23 26 39.0
23 27 36.0
23 28 42.0
23 29 53.0
23 30 62.0
23 31 66.0
23 32 78.0
23 33 82.0
23 34 81.0
23 35 86.0
23 36 107.0
23 37 99.0
23 38 103.0
23 39 101.0
23 40 97.0
23 41 116.0
23 42 119.0
24 1 85.0
24 2 89.0
24 3 44.0
24 4 48.0
24 5 53.0
24 6 41.0
24 7 34.0
24 8 28.0
24 9 29.0
24 10 22.0
24 11 23.0
24 12 35.0
24 13 69.0
24 14 105.0
24 15 102.0
24 16 74.0
24 17 56.0
24 18 88.0
24 19 99.0
24 20 81.0
24 21 54.0
24 22 32.0
24 23 29.0
24 25 8.0
24 26 12.0
24 27 9.0
24 28 28.0
24 29 39.0
24 30 36.0
24 31 39.0
24 32 52.0
24 33 62.0
24 34 54.0
24 35 59.0
24 36 79.0
24 37 71.0
24 38 73.0
24 39 71.0
24 40 67.0
24 41 86.0
24 42 90.0
25 1 77.0
25 2 80.0
25 3 36.0
25 4 40.0
25 5 46.0
25 6 34.0
25 7 27.0
25 8 19.0
25 9 21.0
25 10 14.0
25 11 29.0
25 12 40.0
25 13 77.0
25 14 114.0
25 15 111.0
25 16 84.0
25 17 64.0
25 18 96.0
25 19 107.0
25 20 87.0
25 21 60.0
25 22 40.0
25 23 37.0
25 24 8.0
25 26 11.0
25 27 15.0
25 28 33.0
25 29 42.0
25 30 34.0
25 31 36.0
25 32 49.0
25 33 59.0
25 34 50.0
25 35 52.0
25 36 71.0
25 37 65.0
25 38 67.0
25 39 65.0
25 40 60.0
25 41 78.0
25 42 87.0
26 1 87.0
26 2 89.0
26 3 44.0
26 4 46.0
26 5 46.0
26 6 30.0
26 7 28.0
26 8 29.0
26 9 32.0
26 10 27.0
26 11 36.0
26 12 47.0
26 13 78.0
26 14 116.0
26 15 112.0
26 16 84.0
26 17 66.0
26 18 98.0
26 19 95.0
26 20 75.0
26 21 47.0
26 22 36.0
26 23 39.0
26 24 12.0
26 25 11.0
26 27 3.0
26 28 21.0
26 29 29.0
26 30 24.0
26 31 27.0
26 32 39.0
26 33 49.0
26 34 42.0
26 35 47.0
26 36 66.0
26 37 59.0
26 38 64.0
26 39 65.0
26 40 62.0
26 41 84.0
26 42 90.0
27 1 91.0
27 2 93.0
27 3 48.0
27 4 50.0
27 5 48.0
27 6 34.0
27 7 32.0
27 8 33.0
27 9 36.0
27 10 30.0
27 11 34.0
27 12 45.0
27 13 77.0
27 14 115.0
27 15 110.0
27 16 83.0
27 17 63.0
27 18 97.0
27 19 91.0
27 20 72.0
27 21 44.0
27 22 32.0
27 23 36.0
27 24 9.0
27 25 15.0
27 26 3.0
27 28 20.0
27 29 30.0
27 30 28.0
27 31 31.0
27 32 44.0
27 33 53.0
27 34 46.0
27 35 51.0
27 36 70.0
27 37 63.0
27 38 69.0
27 39 70.0
27 40 67.0
27 41 88.0
27 42 94.0
28 1 105.0
28 2 106.0
28 3 62.0
28 4 63.0
28 5 64.0
28 6 47.0
28 7 46.0
28 8 49.0
28 9 54.0
28 10 48.0
28 11 46.0
28 12 59.0
28 13 85.0
28 14 119.0
28 15 115.0
28 16 88.0
28 17 66.0
28 18 98.0
28 19 79.0
28 20 59.0
28 21 31.0
28 22 36.0
28 23 42.0
28 24 28.0
28 25 33.0
28 26 21.0
28 27 20.0
28 29 12.0
28 30 20.0
28 31 28.0
28 32 35.0
28 33 40.0
28 34 43.0
28 35 53.0
28 36 70.0
28 37 67.0
28 38 75.0
28 39 84.0
28 40 79.0
28 41 101.0
28 42 107.0
29 1 111.0
29 2 113.0
29 3 69.0
29 4 71.0
29 5 66.0
29 6 51.0
29 7 53.0
29 8 56.0
29 9 61.0
29 10 57.0
29 11 59.0
29 12 71.0
29 13 96.0
29 14 130.0
29 15 126.0
29 16 98.0
29 17 75.0
29 18 98.0
29 19 85.0
29 20 62.0
29 21 38.0
29 22 47.0
29 23 53.0
29 24 39.0
29 25 42.0
29 26 29.0
29 27 30.0
29 28 12.0
29 30 20.0
29 31 28.0
29 32 24.0
29 33 29.0
29 34 39.0
29 35 49.0
29 36 60.0
29 37 62.0
29 38 72.0
29 39 78.0
29 40 82.0
29 41 108.0
29 42 114.0
30 1 91.0
30 2 92.0
30 3 50.0
30 4 51.0
30 5 46.0
30 6 30.0
30 7 34.0
30 8 38.0
30 9 43.0
30 10 49.0
30 11 60.0
30 12 71.0
30 13 103.0
30 14 141.0
30 15 136.0
30 16 109.0
30 17 90.0
30 18 115.0
30 19 99.0
30 20 81.0
30 21 53.0
30 22 61.0
30 23 62.0
30 24 36.0
30 25 34.0
30 26 24.0
30 27 28.0
30 28 20.0
30 29 20.0
30 31 8.0
30 32 15.0
30 33 25.0
30 34 23.0
30 35 32.0
30 36 48.0
30 37 46.0
30 38 54.0
30 39 58.0
30 40 62.0
30 41 88.0
30 42 77.0
31 1 83.0
31 2 85.0
31 3 42.0
31 4 43.0
31 5 38.0
31 6 22.0
31 7 26.0
31 8 32.0
31 9 36.0
31 10 51.0
31 11 63.0
31 12 75.0
31 13 106.0
31 14 142.0
31 15 140.0
31 16 112.0
31 17 93.0
31 18 126.0
31 19 108.0
31 20 88.0
31 21 60.0
31 22 64.0
31 23 66.0
31 24 39.0
31 25 36.0
31 26 27.0
31 27 31.0
31 28 28.0
31 29 28.0
31 30 8.0
31 32 12.0
31 33 23.0
31 34 14.0
31 35 24.0
31 36 40.0
31 37 38.0
31 38 46.0
31 39 50.0
31 40 53.0
31 41 80.0
31 42 86.0
32 1 89.0
32 2 91.0
32 3 55.0
32 4 55.0
32 5 50.0
32 6 34.0
32 7 39.0
32 8 44.0
32 9 49.0
32 10 63.0
32 11 76.0
32 12 87.0
32 13 120.0
32 14 155.0
32 15 150.0
32 16 123.0
32 17 100.0
32 18 123.0
32 19 109.0
32 20 86.0
32 21 62.0
32 22 71.0
32 23 78.0
32 24 52.0
32 25 49.0
32 26 39.0
32 27 44.0
32 28 35.0
32 29 24.0
32 30 15.0
32 31 12.0
32 33 11.0
32 34 14.0
32 35 24.0
32 36 36.0
32 37 37.0
32 38 49.0
32 39 56.0
32 40 59.0
32 41 86.0
32 42 92.0
33 1 95.0
33 2 97.0
33 3 64.0
33 4 63.0
33 5 56.0
33 6 42.0
33 7 49.0
33 8 56.0
33 9 60.0
33 10 75.0
33 11 86.0
33 12 97.0
33 13 126.0
33 14 160.0
33 15 155.0
33 16 128.0
33 17 104.0
33 18 128.0
33 19 113.0
33 20 90.0
33 21 67.0
33 22 76.0
33 23 82.0
33 24 62.0
33 25 59.0
33 26 49.0
33 27 53.0
33 28 40.0
33 29 29.0
33 30 25.0
33 31 23.0
33 32 11.0
33 34 21.0
33 35 30.0
33 36 33.0
33 37 43.0
33 38 54.0
33 39 62.0
33 40 66.0
33 41 92.0
33 42 98.0
34 1 74.0
34 2 81.0
34 3 44.0
34 4 43.0
34 5 35.0
34 6 23.0
34 7 30.0
34 8 39.0
34 9 44.0
34 10 62.0
34 11 78.0
34 12 89.0
34 13 121.0
34 14 159.0
34 15 155.0
34 16 127.0
34 17 108.0
34 18 136.0
34 19 124.0
34 20 101.0
34 21 75.0
34 22 79.0
34 23 81.0
34 24 54.0
34 25 50.0
34 26 42.0
34 27 46.0
34 28 43.0
34 29 39.0
34 30 23.0
34 31 14.0
34 32 14.0
34 33 21.0
34 35 9.0
34 36 25.0
34 37 23.0
34 38 34.0
34 39 41.0
34 40 45.0
34 41 71.0
34 42 80.0
35 1 67.0
35 2 69.0
35 3 42.0
35 4 41.0
35 5 31.0
35 6 25.0
35 7 32.0
35 8 41.0
35 9 46.0
35 10 64.0
35 11 83.0
35 12 90.0
35 13 130.0
35 14 164.0
35 15 160.0
35 16 133.0
35 17 114.0
35 18 146.0
35 19 134.0
35 20 111.0
35 21 85.0
35 22 84.0
35 23 86.0
35 24 59.0
35 25 52.0
35 26 47.0
35 27 51.0
35 28 53.0
35 29 49.0
35 30 32.0
35 31 24.0
35 32 24.0
35 33 30.0
35 34 9.0
35 36 18.0
35 37 13.0
35 38 24.0
35 39 32.0
35 40 38.0
35 41 64.0
35 42 74.0
36 1 74.0
36 2 76.0
36 3 61.0
36 4 60.0
36 5 42.0
36 6 44.0
36 7 51.0
36 8 60.0
36 9 66.0
36 10 83.0
36 11 102.0
36 12 110.0
36 13 147.0
36 14 185.0
36 15 179.0
36 16 155.0
36 17 133.0
36 18 159.0
36 19 146.0
36 20 122.0
36 21 98.0
36 22 105.0
36 23 107.0
36 24 79.0
36 25 71.0
36 26 66.0
36 27 70.0
36 28 70.0
36 29 60.0
36 30 48.0
36 31 40.0
36 32 36.0
36 33 33.0
36 34 25.0
36 35 18.0
36 37 17.0
36 38 29.0
36 39 38.0
36 40 45.0
36 41 71.0
36 42 77.0
37 1 57.0
37 2 59.0
37 3 46.0
37 4 41.0
37 5 25.0
37 6 30.0
37 7 36.0
37 8 47.0
37 9 52.0
37 10 71.0
37 11 93.0
37 12 98.0
37 13 136.0
37 14 172.0
37 15 172.0
37 16 148.0
37 17 126.0
37 18 158.0
37 19 147.0
37 20 124.0
37 21 121.0
37 22 97.0
37 23 99.0
37 24 71.0
37 25 65.0
37 26 59.0
37 27 63.0
37 28 67.0
37 29 62.0
37 30 46.0
37 31 38.0
37 32 37.0
37 33 43.0
37 34 23.0
37 35 13.0
37 36 17.0
37 38 12.0
37 39 21.0
37 40 27.0
37 41 54.0
37 42 60.0
38 1 45.0
38 2 46.0
38 3 41.0
38 4 34.0
38 5 20.0
38 6 34.0
38 7 38.0
38 8 48.0
38 9 53.0
38 10 73.0
38 11 96.0
38 12 99.0
38 13 137.0
38 14 176.0
38 15 178.0
38 16 151.0
38 17 131.0
38 18 163.0
38 19 159.0
38 20 135.0
38 21 108.0
38 22 102.0
38 23 103.0
38 24 73.0
38 25 67.0
38 26 64.0
38 27 69.0
38 28 75.0
38 29 72.0
38 30 54.0
38 31 46.0
38 32 49.0
38 33 54.0
38 34 34.0
38 35 24.0
38 36 29.0
38 37 12.0
38 39 9.0
38 40 15.0
38 41 41.0
38 42 48.0
39 1 35.0
39 2 37.0
39 3 35.0
39 4 26.0
39 5 18.0
39 6 34.0
39 7 36.0
39 8 46.0
39 9 51.0
39 10 70.0
39 11 93.0
39 12 97.0
39 13 134.0
39 14 171.0
39 15 176.0
39 16 151.0
39 17 129.0
39 18 161.0
39 19 163.0
39 20 139.0
39 21 118.0
39 22 102.0
39 23 101.0
39 24 71.0
39 25 65.0
39 26 65.0
39 27 70.0
39 28 84.0
39 29 78.0
39 30 58.0
39 31 50.0
39 32 56.0
39 33 62.0
39 34 41.0
39 35 32.0
39 36 38.0
39 37 21.0
39 38 9.0
39 40 6.0
39 41 32.0
39 42 38.0
40 1 29.0
40 2 33.0
40 3 30.0
40 4 21.0
40 5 18.0
40 6 35.0
40 7 33.0
40 8 40.0
40 9 45.0
40 10 65.0
40 11 87.0
40 12 91.0
40 13 117.0
40 14 166.0
40 15 171.0
40 16 144.0
40 17 125.0
40 18 157.0
40 19 156.0
40 20 139.0
40 21 113.0
40 22 95.0
40 23 97.0
40 24 67.0
40 25 60.0
40 26 62.0
40 27 67.0
40 28 79.0
40 29 82.0
40 30 62.0
40 31 53.0
40 32 59.0
40 33 66.0
40 34 45.0
40 35 38.0
40 36 45.0
40 37 27.0
40 38 15.0
40 39 6.0
40 41 25.0
40 42 32.0
41 1 3.0
41 2 11.0
41 3 41.0
41 4 37.0
41 5 47.0
41 6 57.0
41 7 55.0
41 8 58.0
41 9 63.0
41 10 83.0
41 11 105.0
41 12 109.0
41 13 147.0
41 14 186.0
41 15 188.0
41 16 164.0
41 17 144.0
41 18 176.0
41 19 182.0
41 20 161.0
41 21 134.0
41 22 119.0
41 23 116.0
41 24 86.0
41 25 78.0
41 26 84.0
41 27 88.0
41 28 101.0
41 29 108.0
41 30 88.0
41 31 80.0
41 32 86.0
41 33 92.0
41 34 71.0
41 35 64.0
41 36 71.0
41 37 54.0
41 38 41.0
41 39 32.0
41 40 25.0
41 42 6.0
42 1 5.0
42 2 12.0
42 3 55.0
42 4 41.0
42 5 53.0
42 6 64.0
42 7 61.0
42 8 61.0
42 9 66.0
42 10 84.0
42 11 111.0
42 12 113.0
42 13 150.0
42 14 186.0
42 15 192.0
42 16 166.0
42 17 147.0
42 18 180.0
42 19 188.0
42 20 167.0
42 21 140.0
42 22 124.0
42 23 119.0
42 24 90.0
42 25 87.0
42 26 90.0
42 27 94.0
42 28 107.0
42 29 114.0
42 30 77.0
42 31 86.0
42 32 92.0
42 33 98.0
42 34 80.0
42 35 74.0
42 36 77.0
42 37 60.0
42 38 48.0
42 39 38.0
42 40 32.0
42 41 6.0
