1 2 534.0
1 3 434.0
1 4 294.0
1 5 593.0
1 6 409.0
1 7 332.0
1 8 232.0
1 9 464.0
1 10 566.0
1 11 552.0
1 12 802.0
1 13 633.0
1 14 257.0
1 15 187.0
1 16 91.0
1 17 412.0
1 18 400.0
1 19 472.0
1 20 389.0
1 21 610.0
1 22 340.0
1 23 510.0
1 24 153.0
1 25 511.0
1 26 269.0
1 27 525.0
1 28 150.0
1 29 80.0
1 30 130.0
1 31 401.0
1 32 134.0
1 33 666.0
1 34 259.0
1 35 505.0
1 36 453.0
1 37 627.0
1 38 339.0
1 39 710.0
1 40 243.0
1 41 376.0
1 42 449.0
1 43 505.0
1 44 322.0
1 45 185.0
1 46 353.0
1 47 324.0
1 48 388.0
1 49 447.0
1 50 360.0
1 51 605.0
1 52 656.0
1 53 573.0
1 54 293.0
1 55 372.0
1 56 330.0
1 57 610.0
1 58 598.0
1 59 214.0
1 60 154.0
1 61 70.0
1 62 606.0
1 63 631.0
1 64 642.0
1 65 503.0
1 66 372.0
1 67 641.0
1 68 561.0
1 69 478.0
1 70 247.0
1 71 317.0
1 72 272.0
1 73 575.0
1 74 219.0
1 75 293.0
1 76 54.0
1 77 648.0
1 78 211.0
1 79 568.0
1 80 497.0
1 81 290.0
1 82 475.0
1 83 654.0
1 84 445.0
1 85 375.0
1 86 268.0
1 87 261.0
1 88 710.0
1 89 396.0
1 90 295.0
1 91 651.0
1 92 175.0
1 93 585.0
1 94 250.0
1 95 717.0
1 96 246.0
1 97 788.0
1 98 426.0
1 99 596.0
1 100 634.0
1 101 507.0
1 102 463.0
1 103 408.0
1 104 529.0
1 105 192.0
1 106 529.0
1 107 434.0
1 108 535.0
1 109 630.0
1 110 446.0
1 111 166.0
1 112 471.0
1 113 442.0
1 114 523.0
1 115 566.0
1 116 235.0
1 117 432.0
1 118 435.0
1 119 369.0
1 120 121.0
2 1 534.0
2 3 107.0
2 4 241.0
2 5 190.0
2 6 351.0
2 7 320.0
2 8 354.0
2 9 124.0
2 10 508.0
2 11 80.0
2 12 316.0
2 13 432.0
2 14 641.0
2 15 577.0
2 16 450.0
2 17 624.0
2 18 752.0
2 19 805.0
2 20 665.0
2 21 76.0
2 22 730.0
2 23 152.0
2 24 447.0
2 25 844.0
2 26 283.0
2 27 157.0
2 28 539.0
2 29 507.0
2 30 520.0
2 31 791.0
2 32 524.0
2 33 942.0
2 34 281.0
2 35 447.0
2 36 358.0
2 37 334.0
2 38 275.0
2 39 283.0
2 40 353.0
2 41 520.0
2 42 594.0
2 43 781.0
2 44 611.0
2 45 575.0
2 46 638.0
2 47 314.0
2 48 234.0
2 49 664.0
2 50 606.0
2 51 133.0
2 52 932.0
2 53 113.0
2 54 384.0
2 55 283.0
2 56 479.0
2 57 297.0
2 58 874.0
2 59 604.0
2 60 401.0
2 61 464.0
2 62 349.0
2 63 228.0
2 64 129.0
2 65 779.0
2 66 762.0
2 67 348.0
2 68 837.0
2 69 754.0
2 70 316.0
2 71 336.0
2 72 382.0
2 73 276.0
2 74 479.0
2 75 683.0
2 76 529.0
2 77 188.0
2 78 601.0
2 79 844.0
2 80 150.0
2 81 680.0
2 82 65.0
2 83 341.0
2 84 387.0
2 85 765.0
2 86 658.0
2 87 519.0
2 88 184.0
2 89 291.0
2 90 424.0
2 91 927.0
2 92 565.0
2 93 67.0
2 94 640.0
2 95 221.0
2 96 454.0
2 97 302.0
2 98 596.0
2 99 575.0
2 100 910.0
2 101 209.0
2 102 186.0
2 103 169.0
2 104 389.0
2 105 412.0
2 106 286.0
2 107 710.0
2 108 811.0
2 109 108.0
2 110 252.0
2 111 518.0
2 112 313.0
2 113 718.0
2 114 230.0
2 115 45.0
2 116 313.0
2 117 822.0
2 118 653.0
2 119 167.0
2 120 511.0
3 1 434.0
3 2 107.0
3 4 148.0
3 5 137.0
3 6 240.0
3 7 232.0
3 8 261.0
3 9 88.0
3 10 397.0
3 11 127.0
3 12 336.0
3 13 479.0
3 14 541.0
3 15 477.0
3 16 357.0
3 17 531.0
3 18 659.0
3 19 712.0
3 20 572.0
3 21 183.0
3 22 630.0
3 23 134.0
3 24 354.0
3 25 751.0
3 26 190.0
3 27 95.0
3 28 446.0
3 29 414.0
3 30 427.0
3 31 691.0
3 32 431.0
3 33 849.0
3 34 188.0
3 35 336.0
3 36 247.0
3 37 251.0
3 38 187.0
3 39 254.0
3 40 260.0
3 41 427.0
3 42 501.0
3 43 688.0
3 44 518.0
3 45 482.0
3 46 545.0
3 47 191.0
3 48 127.0
3 49 571.0
3 50 513.0
3 51 180.0
3 52 839.0
3 53 101.0
3 54 274.0
3 55 199.0
3 56 386.0
3 57 234.0
3 58 781.0
3 59 504.0
3 60 308.0
3 61 371.0
3 62 266.0
3 63 175.0
3 64 176.0
3 65 686.0
3 66 662.0
3 67 265.0
3 68 744.0
3 69 661.0
3 70 223.0
3 71 212.0
3 72 289.0
3 73 199.0
3 74 386.0
3 75 583.0
3 76 429.0
3 77 182.0
3 78 501.0
3 79 751.0
3 80 67.0
3 81 580.0
3 82 42.0
3 83 278.0
3 84 276.0
3 85 665.0
3 86 558.0
3 87 426.0
3 88 271.0
3 89 180.0
3 90 278.0
3 91 834.0
3 92 472.0
3 93 146.0
3 94 540.0
3 95 251.0
3 96 361.0
3 97 322.0
3 98 503.0
3 99 330.0
3 100 817.0
3 101 111.0
3 102 79.0
3 103 105.0
3 104 278.0
3 105 319.0
3 106 231.0
3 107 617.0
3 108 718.0
3 109 191.0
3 110 145.0
3 111 425.0
3 112 202.0
3 113 625.0
3 114 147.0
3 115 139.0
3 116 220.0
3 117 722.0
3 118 560.0
3 119 79.0
3 120 418.0
4 1 294.0
4 2 241.0
4 3 148.0
4 5 374.0
4 6 190.0
4 7 139.0
4 8 113.0
4 9 171.0
4 10 347.0
4 11 259.0
4 12 509.0
4 13 552.0
4 14 407.0
4 15 337.0
4 16 210.0
4 17 384.0
4 18 512.0
4 19 565.0
4 20 425.0
4 21 317.0
4 22 490.0
4 23 217.0
4 24 207.0
4 25 604.0
4 26 42.0
4 27 232.0
4 28 299.0
4 29 267.0
4 30 280.0
4 31 551.0
4 32 284.0
4 33 702.0
4 34 40.0
4 35 286.0
4 36 234.0
4 37 408.0
4 38 94.0
4 39 491.0
4 40 113.0
4 41 280.0
4 42 354.0
4 43 541.0
4 44 371.0
4 45 335.0
4 46 398.0
4 47 106.0
4 48 124.0
4 49 424.0
4 50 366.0
4 51 312.0
4 52 692.0
4 53 280.0
4 54 143.0
4 55 153.0
4 56 239.0
4 57 391.0
4 58 634.0
4 59 364.0
4 60 161.0
4 61 224.0
4 62 387.0
4 63 412.0
4 64 349.0
4 65 539.0
4 66 522.0
4 67 422.0
4 68 597.0
4 69 514.0
4 70 76.0
4 71 95.0
4 72 142.0
4 73 356.0
4 74 239.0
4 75 443.0
4 76 289.0
4 77 355.0
4 78 361.0
4 79 604.0
4 80 204.0
4 81 440.0
4 82 182.0
4 83 435.0
4 84 226.0
4 85 525.0
4 86 418.0
4 87 279.0
4 88 417.0
4 89 177.0
4 90 183.0
4 91 687.0
4 92 325.0
4 93 292.0
4 94 400.0
4 95 424.0
4 96 213.0
4 97 495.0
4 98 356.0
4 99 377.0
4 100 670.0
4 101 201.0
4 102 155.0
4 103 116.0
4 104 310.0
4 105 172.0
4 106 310.0
4 107 470.0
4 108 571.0
4 109 337.0
4 110 227.0
4 111 277.0
4 112 252.0
4 113 478.0
4 114 304.0
4 115 273.0
4 116 73.0
4 117 582.0
4 118 413.0
4 119 77.0
4 120 271.0
5 1 593.0
5 2 190.0
5 3 137.0
5 4 374.0
5 6 258.0
5 7 494.0
5 8 372.0
5 9 202.0
5 10 331.0
5 11 234.0
5 12 222.0
5 13 586.0
5 14 706.0
5 15 636.0
5 16 509.0
5 17 690.0
5 18 818.0
5 19 871.0
5 20 731.0
5 21 192.0
5 22 789.0
5 23 248.0
5 24 470.0
5 25 910.0
5 26 332.0
5 27 42.0
5 28 598.0
5 29 566.0
5 30 579.0
5 31 850.0
5 32 583.0
5 33 1008.0
5 34 364.0
5 35 354.0
5 36 265.0
5 37 168.0
5 38 313.0
5 39 117.0
5 40 419.0
5 41 586.0
5 42 660.0
5 43 847.0
5 44 677.0
5 45 634.0
5 46 704.0
5 47 275.0
5 48 219.0
5 49 730.0
5 50 672.0
5 51 287.0
5 52 998.0
5 53 79.0
5 54 319.0
5 55 229.0
5 56 545.0
5 57 107.0
5 58 940.0
5 59 663.0
5 60 460.0
5 61 523.0
5 62 183.0
5 63 38.0
5 64 121.0
5 65 845.0
5 66 821.0
5 67 152.0
5 68 903.0
5 69 820.0
5 70 360.0
5 71 289.0
5 72 448.0
5 73 86.0
5 74 545.0
5 75 742.0
5 76 588.0
5 77 68.0
5 78 660.0
5 79 910.0
5 80 70.0
5 81 739.0
5 82 137.0
5 83 151.0
5 84 294.0
5 85 824.0
5 86 717.0
5 87 585.0
5 88 239.0
5 89 198.0
5 90 308.0
5 91 993.0
5 92 624.0
5 93 135.0
5 94 699.0
5 95 137.0
5 96 373.0
5 97 208.0
5 98 662.0
5 99 237.0
5 100 976.0
5 101 139.0
5 102 157.0
5 103 242.0
5 104 236.0
5 105 477.0
5 106 177.0
5 107 776.0
5 108 877.0
5 109 165.0
5 110 162.0
5 111 437.0
5 112 166.0
5 113 784.0
5 114 81.0
5 115 228.0
5 116 371.0
5 117 881.0
5 118 719.0
5 119 205.0
5 120 570.0
6 1 409.0
6 2 351.0
6 3 240.0
6 4 190.0
6 5 258.0
6 7 310.0
6 8 188.0
6 9 328.0
6 10 171.0
6 11 365.0
6 12 470.0
6 13 723.0
6 14 522.0
6 15 452.0
6 16 325.0
6 17 506.0
6 18 634.0
6 19 687.0
6 20 547.0
6 21 442.0
6 22 605.0
6 23 370.0
6 24 280.0
6 25 726.0
6 26 148.0
6 27 257.0
6 28 414.0
6 29 382.0
6 30 395.0
6 31 666.0
6 32 399.0
6 33 824.0
6 34 180.0
6 35 110.0
6 36 59.0
6 37 239.0
6 38 281.0
6 39 375.0
6 40 235.0
6 41 402.0
6 42 476.0
6 43 663.0
6 44 493.0
6 45 450.0
6 46 520.0
6 47 91.0
6 48 113.0
6 49 546.0
6 50 488.0
6 51 418.0
6 52 814.0
6 53 329.0
6 54 129.0
6 55 39.0
6 56 361.0
6 57 275.0
6 58 756.0
6 59 479.0
6 60 276.0
6 61 339.0
6 62 216.0
6 63 296.0
6 64 369.0
6 65 661.0
6 66 637.0
6 67 262.0
6 68 719.0
6 69 636.0
6 70 176.0
6 71 105.0
6 72 264.0
6 73 240.0
6 74 361.0
6 75 558.0
6 76 404.0
6 77 316.0
6 78 476.0
6 79 726.0
6 80 257.0
6 81 555.0
6 82 282.0
6 83 319.0
6 84 50.0
6 85 640.0
6 86 533.0
6 87 401.0
6 88 487.0
6 89 53.0
6 90 118.0
6 91 809.0
6 92 440.0
6 93 385.0
6 94 515.0
6 95 385.0
6 96 183.0
6 97 456.0
6 98 478.0
6 99 179.0
6 100 792.0
6 101 172.0
6 102 161.0
6 103 298.0
6 104 127.0
6 105 293.0
6 106 165.0
6 107 592.0
6 108 693.0
6 109 424.0
6 110 111.0
6 111 247.0
6 112 99.0
6 113 600.0
6 114 188.0
6 115 383.0
6 116 187.0
6 117 697.0
6 118 535.0
6 119 259.0
6 120 386.0
7 1 332.0
7 2 320.0
7 3 232.0
7 4 139.0
7 5 494.0
7 6 310.0
7 8 208.0
7 9 188.0
7 10 467.0
7 11 249.0
7 12 588.0
7 13 417.0
7 14 184.0
7 15 375.0
7 16 248.0
7 17 210.0
7 18 338.0
7 19 391.0
7 20 251.0
7 21 396.0
7 22 394.0
7 23 175.0
7 24 246.0
7 25 430.0
7 26 169.0
7 27 316.0
7 28 279.0
7 29 305.0
7 30 318.0
7 31 474.0
7 32 314.0
7 33 528.0
7 34 142.0
7 35 406.0
7 36 354.0
7 37 528.0
7 38 45.0
7 39 611.0
7 40 89.0
7 41 106.0
7 42 180.0
7 43 367.0
7 44 197.0
7 45 231.0
7 46 224.0
7 47 225.0
7 48 289.0
7 49 250.0
7 50 192.0
7 51 264.0
7 52 518.0
7 53 359.0
7 54 262.0
7 55 273.0
7 56 65.0
7 57 511.0
7 58 460.0
7 59 402.0
7 60 199.0
7 61 262.0
7 62 507.0
7 63 532.0
7 64 428.0
7 65 365.0
7 66 456.0
7 67 542.0
7 68 423.0
7 69 340.0
7 70 170.0
7 71 218.0
7 72 84.0
7 73 476.0
7 74 167.0
7 75 238.0
7 76 327.0
7 77 434.0
7 78 231.0
7 79 430.0
7 80 288.0
7 81 317.0
7 82 261.0
7 83 555.0
7 84 346.0
7 85 384.0
7 86 231.0
7 87 141.0
7 88 496.0
7 89 297.0
7 90 302.0
7 91 513.0
7 92 311.0
7 93 371.0
7 94 277.0
7 95 503.0
7 96 332.0
7 97 574.0
7 98 182.0
7 99 497.0
7 100 496.0
7 101 408.0
7 102 251.0
7 103 131.0
7 104 430.0
7 105 160.0
7 106 430.0
7 107 296.0
7 108 397.0
7 109 416.0
7 110 347.0
7 111 336.0
7 112 372.0
7 113 304.0
7 114 424.0
7 115 352.0
7 116 168.0
7 117 441.0
7 118 239.0
7 119 153.0
7 120 309.0
8 1 232.0
8 2 354.0
8 3 261.0
8 4 113.0
8 5 372.0
8 6 188.0
8 7 208.0
8 9 284.0
8 10 345.0
8 11 372.0
8 12 584.0
8 13 621.0
8 14 391.0
8 15 321.0
8 16 141.0
8 17 408.0
8 18 536.0
8 19 589.0
8 20 449.0
8 21 430.0
8 22 474.0
8 23 330.0
8 24 113.0
8 25 628.0
8 26 63.0
8 27 355.0
8 28 283.0
8 29 251.0
8 30 264.0
8 31 535.0
8 32 268.0
8 33 726.0
8 34 72.0
8 35 284.0
8 36 232.0
8 37 406.0
8 38 184.0
8 39 489.0
8 40 133.0
8 41 300.0
8 42 378.0
8 43 565.0
8 44 395.0
8 45 319.0
8 46 422.0
8 47 104.0
8 48 168.0
8 49 448.0
8 50 390.0
8 51 425.0
8 52 716.0
8 53 403.0
8 54 60.0
8 55 151.0
8 56 259.0
8 57 389.0
8 58 658.0
8 59 348.0
8 60 78.0
8 61 208.0
8 62 385.0
8 63 410.0
8 64 472.0
8 65 563.0
8 66 506.0
8 67 420.0
8 68 621.0
8 69 538.0
8 70 39.0
8 71 79.0
8 72 162.0
8 73 354.0
8 74 259.0
8 75 427.0
8 76 273.0
8 77 430.0
8 78 345.0
8 79 628.0
8 80 327.0
8 81 424.0
8 82 295.0
8 83 433.0
8 84 224.0
8 85 509.0
8 86 402.0
8 87 299.0
8 88 530.0
8 89 175.0
8 90 100.0
8 91 711.0
8 92 309.0
8 93 405.0
8 94 384.0
8 95 499.0
8 96 130.0
8 97 570.0
8 98 380.0
8 99 375.0
8 100 694.0
8 101 286.0
8 102 216.0
8 103 229.0
8 104 308.0
8 105 154.0
8 106 308.0
8 107 494.0
8 108 595.0
8 109 450.0
8 110 225.0
8 111 114.0
8 112 250.0
8 113 502.0
8 114 302.0
8 115 386.0
8 116 43.0
8 117 566.0
8 118 437.0
8 119 190.0
8 120 255.0
9 1 464.0
9 2 124.0
9 3 88.0
9 4 171.0
9 5 202.0
9 6 328.0
9 7 188.0
9 8 284.0
9 10 485.0
9 11 61.0
9 12 392.0
9 13 411.0
9 14 372.0
9 15 507.0
9 16 380.0
9 17 398.0
9 18 526.0
9 19 579.0
9 20 439.0
9 21 202.0
9 22 582.0
9 23 46.0
9 24 377.0
9 25 618.0
9 26 213.0
9 27 160.0
9 28 469.0
9 29 437.0
9 30 450.0
9 31 662.0
9 32 454.0
9 33 716.0
9 34 211.0
9 35 424.0
9 36 335.0
9 37 300.0
9 38 143.0
9 39 319.0
9 40 283.0
9 41 294.0
9 42 368.0
9 43 555.0
9 44 372.0
9 45 419.0
9 46 412.0
9 47 244.0
9 48 215.0
9 49 438.0
9 50 380.0
9 51 112.0
9 52 706.0
9 53 163.0
9 54 314.0
9 55 324.0
9 56 253.0
9 57 322.0
9 58 648.0
9 59 534.0
9 60 331.0
9 61 394.0
9 62 354.0
9 63 240.0
9 64 232.0
9 65 553.0
9 66 644.0
9 67 314.0
9 68 611.0
9 69 528.0
9 70 246.0
9 71 266.0
9 72 234.0
9 73 287.0
9 74 317.0
9 75 426.0
9 76 459.0
9 77 238.0
9 78 479.0
9 79 618.0
9 80 155.0
9 81 505.0
9 82 65.0
9 83 366.0
9 84 364.0
9 85 572.0
9 86 419.0
9 87 329.0
9 88 300.0
9 89 268.0
9 90 354.0
9 91 701.0
9 92 495.0
9 93 175.0
9 94 465.0
9 95 307.0
9 96 384.0
9 97 378.0
9 98 370.0
9 99 552.0
9 100 684.0
9 101 213.0
9 102 167.0
9 103 57.0
9 104 366.0
9 105 342.0
9 106 319.0
9 107 484.0
9 108 585.0
9 109 220.0
9 110 233.0
9 111 448.0
9 112 290.0
9 113 492.0
9 114 235.0
9 115 121.0
9 116 243.0
9 117 629.0
9 118 427.0
9 119 97.0
9 120 441.0
10 1 566.0
10 2 508.0
10 3 397.0
10 4 347.0
10 5 331.0
10 6 171.0
10 7 467.0
10 8 345.0
10 9 485.0
10 11 522.0
10 12 502.0
10 13 874.0
10 14 679.0
10 15 609.0
10 16 482.0
10 17 663.0
10 18 791.0
10 19 844.0
10 20 704.0
10 21 515.0
10 22 762.0
10 23 527.0
10 24 437.0
10 25 883.0
10 26 305.0
10 27 330.0
10 28 571.0
10 29 539.0
10 30 552.0
10 31 823.0
10 32 556.0
10 33 981.0
10 34 337.0
10 35 70.0
10 36 182.0
10 37 166.0
10 38 438.0
10 39 354.0
10 40 392.0
10 41 559.0
10 42 633.0
10 43 820.0
10 44 650.0
10 45 607.0
10 46 677.0
10 47 248.0
10 48 270.0
10 49 703.0
10 50 645.0
10 51 575.0
10 52 971.0
10 53 402.0
10 54 286.0
10 55 196.0
10 56 518.0
10 57 248.0
10 58 913.0
10 59 636.0
10 60 433.0
10 61 496.0
10 62 147.0
10 63 306.0
10 64 428.0
10 65 818.0
10 66 794.0
10 67 189.0
10 68 876.0
10 69 793.0
10 70 333.0
10 71 262.0
10 72 421.0
10 73 250.0
10 74 518.0
10 75 715.0
10 76 561.0
10 77 362.0
10 78 633.0
10 79 883.0
10 80 335.0
10 81 712.0
10 82 439.0
10 83 266.0
10 84 125.0
10 85 797.0
10 86 690.0
10 87 558.0
10 88 546.0
10 89 218.0
10 90 275.0
10 91 966.0
10 92 597.0
10 93 458.0
10 94 672.0
10 95 417.0
10 96 340.0
10 97 488.0
10 98 635.0
10 99 100.0
10 100 949.0
10 101 329.0
10 102 318.0
10 103 455.0
10 104 125.0
10 105 450.0
10 106 182.0
10 107 749.0
10 108 850.0
10 109 483.0
10 110 268.0
10 111 404.0
10 112 210.0
10 113 757.0
10 114 255.0
10 115 540.0
10 116 344.0
10 117 854.0
10 118 692.0
10 119 416.0
10 120 543.0
11 1 552.0
11 2 80.0
11 3 127.0
11 4 259.0
11 5 234.0
11 6 365.0
11 7 249.0
11 8 372.0
11 9 61.0
11 10 522.0
11 12 386.0
11 13 354.0
11 14 433.0
11 15 595.0
11 16 468.0
11 17 459.0
11 18 587.0
11 19 640.0
11 20 500.0
11 21 141.0
11 22 643.0
11 23 72.0
11 24 465.0
11 25 679.0
11 26 301.0
11 27 167.0
11 28 557.0
11 29 525.0
11 30 538.0
11 31 723.0
11 32 542.0
11 33 777.0
11 34 299.0
11 35 461.0
11 36 372.0
11 37 348.0
11 38 204.0
11 39 351.0
11 40 368.0
11 41 355.0
11 42 429.0
11 43 616.0
11 44 446.0
11 45 480.0
11 46 473.0
11 47 332.0
11 48 254.0
11 49 499.0
11 50 441.0
11 51 55.0
11 52 767.0
11 53 157.0
11 54 402.0
11 55 324.0
11 56 314.0
11 57 331.0
11 58 709.0
11 59 622.0
11 60 419.0
11 61 482.0
11 62 363.0
11 63 272.0
11 64 226.0
11 65 614.0
11 66 705.0
11 67 362.0
11 68 672.0
11 69 589.0
11 70 334.0
11 71 354.0
11 72 295.0
11 73 296.0
11 74 378.0
11 75 487.0
11 76 547.0
11 77 232.0
11 78 480.0
11 79 679.0
11 80 164.0
11 81 566.0
11 82 85.0
11 83 375.0
11 84 410.0
11 85 633.0
11 86 480.0
11 87 390.0
11 88 249.0
11 89 305.0
11 90 442.0
11 91 762.0
11 92 583.0
11 93 147.0
11 94 526.0
11 95 301.0
11 96 472.0
11 97 372.0
11 98 431.0
11 99 589.0
11 100 745.0
11 101 223.0
11 102 206.0
11 103 118.0
11 104 403.0
11 105 430.0
11 106 328.0
11 107 545.0
11 108 646.0
11 109 188.0
11 110 272.0
11 111 536.0
11 112 358.0
11 113 553.0
11 114 174.0
11 115 60.0
11 116 331.0
11 117 690.0
11 118 488.0
11 119 185.0
11 120 529.0
12 1 802.0
12 2 316.0
12 3 336.0
12 4 509.0
12 5 222.0
12 6 470.0
12 7 588.0
12 8 584.0
12 9 392.0
12 10 502.0
12 11 386.0
12 13 738.0
12 14 915.0
12 15 845.0
12 16 718.0
12 17 892.0
12 18 1020.0
12 19 1073.0
12 20 933.0
12 21 233.0
12 22 998.0
12 23 438.0
12 24 715.0
12 25 1112.0
12 26 544.0
12 27 254.0
12 28 807.0
12 29 775.0
12 30 788.0
12 31 1059.0
12 32 792.0
12 33 1210.0
12 34 549.0
12 35 566.0
12 36 477.0
12 37 331.0
12 38 543.0
12 39 202.0
12 40 621.0
12 41 788.0
12 42 862.0
12 43 1049.0
12 44 879.0
12 45 843.0
12 46 906.0
12 47 487.0
12 48 431.0
12 49 932.0
12 50 874.0
12 51 439.0
12 52 1200.0
12 53 235.0
12 54 531.0
12 55 441.0
12 56 747.0
12 57 254.0
12 58 1142.0
12 59 872.0
12 60 669.0
12 61 732.0
12 62 357.0
12 63 210.0
12 64 187.0
12 65 1047.0
12 66 1030.0
12 67 313.0
12 68 1105.0
12 69 1022.0
12 70 572.0
12 71 501.0
12 72 650.0
12 73 266.0
12 74 747.0
12 75 951.0
12 76 797.0
12 77 154.0
12 78 869.0
12 79 1112.0
12 80 282.0
12 81 948.0
12 82 321.0
12 83 298.0
12 84 506.0
12 85 1033.0
12 86 926.0
12 87 787.0
12 88 168.0
12 89 410.0
12 90 520.0
12 91 1195.0
12 92 833.0
12 93 249.0
12 94 908.0
12 95 95.0
12 96 585.0
12 97 23.0
12 98 864.0
12 99 407.0
12 100 1178.0
12 101 351.0
12 102 369.0
12 103 437.0
12 104 447.0
12 105 680.0
12 106 379.0
12 107 978.0
12 108 1079.0
12 109 190.0
12 110 374.0
12 111 649.0
12 112 378.0
12 113 986.0
12 114 293.0
12 115 314.0
12 116 583.0
12 117 1090.0
12 118 921.0
12 119 435.0
12 120 779.0
13 1 633.0
13 2 432.0
13 3 479.0
13 4 552.0
13 5 586.0
13 6 723.0
13 7 417.0
13 8 621.0
13 9 411.0
13 10 874.0
13 11 354.0
13 12 738.0
13 14 390.0
13 15 572.0
13 16 661.0
13 17 227.0
13 18 524.0
13 19 413.0
13 20 274.0
13 21 492.0
13 22 444.0
13 23 380.0
13 24 659.0
13 25 407.0
13 26 582.0
13 27 521.0
13 28 488.0
13 29 572.0
13 30 543.0
13 31 524.0
13 32 530.0
13 33 446.0
13 34 555.0
13 35 819.0
13 36 767.0
13 37 700.0
13 38 458.0
13 39 679.0
13 40 502.0
13 41 340.0
13 42 256.0
13 43 289.0
13 44 359.0
13 45 462.0
13 46 282.0
13 47 638.0
13 48 606.0
13 49 188.0
13 50 273.0
13 51 313.0
13 52 444.0
13 53 509.0
13 54 675.0
13 55 686.0
13 56 378.0
13 57 693.0
13 58 370.0
13 59 599.0
13 60 612.0
13 61 567.0
13 62 715.0
13 63 640.0
13 64 578.0
13 65 245.0
13 66 506.0
13 67 714.0
13 68 311.0
13 69 261.0
13 70 583.0
13 71 631.0
13 72 497.0
13 73 672.0
13 74 474.0
13 75 352.0
13 76 595.0
13 77 584.0
13 78 466.0
13 79 348.0
13 80 516.0
13 81 506.0
13 82 437.0
13 83 755.0
13 84 759.0
13 85 434.0
13 86 420.0
13 87 422.0
13 88 616.0
13 89 710.0
13 90 715.0
13 91 407.0
13 92 504.0
13 93 499.0
13 94 466.0
13 95 653.0
13 96 745.0
13 97 724.0
13 98 253.0
13 99 941.0
13 100 414.0
13 101 575.0
13 102 558.0
13 103 468.0
13 104 755.0
13 105 573.0
13 106 680.0
13 107 346.0
13 108 336.0
13 109 540.0
13 110 624.0
13 111 749.0
13 112 679.0
13 113 300.0
13 114 596.0
13 115 411.0
13 116 581.0
13 117 491.0
13 118 220.0
13 119 537.0
13 120 518.0
14 1 257.0
14 2 641.0
14 3 541.0
14 4 407.0
14 5 706.0
14 6 522.0
14 7 184.0
14 8 391.0
14 9 372.0
14 10 679.0
14 11 433.0
14 12 915.0
14 13 390.0
14 15 196.0
14 16 228.0
14 17 169.0
14 18 151.0
14 19 257.0
14 20 146.0
14 21 723.0
14 22 125.0
14 23 359.0
14 24 345.0
14 25 296.0
14 26 382.0
14 27 638.0
14 28 112.0
14 29 196.0
14 30 167.0
14 31 238.0
14 32 154.0
14 33 423.0
14 34 372.0
14 35 618.0
14 36 566.0
14 37 740.0
14 38 229.0
14 39 823.0
14 40 209.0
14 41 146.0
14 42 206.0
14 43 262.0
14 44 69.0
14 45 86.0
14 46 110.0
14 47 437.0
14 48 501.0
14 49 204.0
14 50 117.0
14 51 448.0
14 52 413.0
14 53 686.0
14 54 451.0
14 55 485.0
14 56 119.0
14 57 723.0
14 58 355.0
14 59 223.0
14 60 298.0
14 61 191.0
14 62 719.0
14 63 744.0
14 64 755.0
14 65 260.0
14 66 209.0
14 67 754.0
14 68 318.0
14 69 235.0
14 70 360.0
14 71 430.0
14 72 180.0
14 73 688.0
14 74 83.0
14 75 50.0
14 76 219.0
14 77 761.0
14 78 74.0
14 79 325.0
14 80 610.0
14 81 139.0
14 82 588.0
14 83 767.0
14 84 558.0
14 85 160.0
14 86 53.0
14 87 43.0
14 88 823.0
14 89 509.0
14 90 491.0
14 91 408.0
14 92 128.0
14 93 698.0
14 94 99.0
14 95 830.0
14 96 472.0
14 97 901.0
14 98 183.0
14 99 709.0
14 100 391.0
14 101 620.0
14 102 576.0
14 103 315.0
14 104 642.0
14 105 228.0
14 106 642.0
14 107 191.0
14 108 292.0
14 109 743.0
14 110 559.0
14 111 435.0
14 112 584.0
14 113 199.0
14 114 636.0
14 115 679.0
14 116 348.0
14 117 217.0
14 118 192.0
14 119 482.0
14 120 142.0
15 1 187.0
15 2 577.0
15 3 477.0
15 4 337.0
15 5 636.0
15 6 452.0
15 7 375.0
15 8 321.0
15 9 507.0
15 10 609.0
15 11 595.0
15 12 845.0
15 13 572.0
15 14 196.0
15 16 158.0
15 17 351.0
15 18 270.0
15 19 342.0
15 20 328.0
15 21 653.0
15 22 185.0
15 23 553.0
15 24 275.0
15 25 381.0
15 26 312.0
15 27 568.0
15 28 96.0
15 29 88.0
15 30 59.0
15 31 238.0
15 32 63.0
15 33 605.0
15 34 302.0
15 35 548.0
15 36 496.0
15 37 670.0
15 38 382.0
15 39 753.0
15 40 286.0
15 41 322.0
15 42 388.0
15 43 444.0
15 44 261.0
15 45 124.0
15 46 292.0
15 47 367.0
15 48 431.0
15 49 386.0
15 50 299.0
15 51 648.0
15 52 595.0
15 53 616.0
15 54 381.0
15 55 415.0
15 56 276.0
15 57 653.0
15 58 537.0
15 59 49.0
15 60 228.0
15 61 121.0
15 62 649.0
15 63 674.0
15 64 685.0
15 65 442.0
15 66 209.0
15 67 684.0
15 68 500.0
15 69 417.0
15 70 290.0
15 71 360.0
15 72 315.0
15 73 618.0
15 74 172.0
15 75 232.0
15 76 92.0
15 77 691.0
15 78 81.0
15 79 507.0
15 80 540.0
15 81 98.0
15 82 518.0
15 83 697.0
15 84 488.0
15 85 245.0
15 86 138.0
15 87 200.0
15 88 753.0
15 89 439.0
15 90 421.0
15 91 590.0
15 92 76.0
15 93 628.0
15 94 89.0
15 95 760.0
15 96 402.0
15 97 831.0
15 98 365.0
15 99 639.0
15 100 573.0
15 101 550.0
15 102 506.0
15 103 451.0
15 104 572.0
15 105 235.0
15 106 572.0
15 107 373.0
15 108 474.0
15 109 673.0
15 110 489.0
15 111 365.0
15 112 514.0
15 113 381.0
15 114 566.0
15 115 609.0
15 116 278.0
15 117 302.0
15 118 374.0
15 119 412.0
15 120 99.0
16 1 91.0
16 2 450.0
16 3 357.0
16 4 210.0
16 5 509.0
16 6 325.0
16 7 248.0
16 8 141.0
16 9 380.0
16 10 482.0
16 11 468.0
16 12 718.0
16 13 661.0
16 14 228.0
16 15 158.0
16 17 383.0
16 18 371.0
16 19 443.0
16 20 360.0
16 21 526.0
16 22 311.0
16 23 426.0
16 24 98.0
16 25 482.0
16 26 185.0
16 27 441.0
16 28 120.0
16 29 77.0
16 30 101.0
16 31 372.0
16 32 105.0
16 33 637.0
16 34 175.0
16 35 421.0
16 36 369.0
16 37 504.0
16 38 250.0
16 39 626.0
16 40 159.0
16 41 306.0
16 42 420.0
16 43 476.0
16 44 293.0
16 45 156.0
16 46 324.0
16 47 240.0
16 48 304.0
16 49 418.0
16 50 331.0
16 51 520.0
16 52 627.0
16 53 489.0
16 54 201.0
16 55 288.0
16 56 260.0
16 57 526.0
16 58 569.0
16 59 185.0
16 60 63.0
16 61 27.0
16 62 522.0
16 63 547.0
16 64 558.0
16 65 474.0
16 66 343.0
16 67 557.0
16 68 532.0
16 69 449.0
16 70 163.0
16 71 233.0
16 72 188.0
16 73 491.0
16 74 149.0
16 75 264.0
16 76 82.0
16 77 564.0
16 78 182.0
16 79 539.0
16 80 413.0
16 81 261.0
16 82 391.0
16 83 570.0
16 84 361.0
16 85 346.0
16 86 239.0
16 87 232.0
16 88 626.0
16 89 312.0
16 90 241.0
16 91 622.0
16 92 146.0
16 93 501.0
16 94 221.0
16 95 633.0
16 96 237.0
16 97 704.0
16 98 397.0
16 99 512.0
16 100 605.0
16 101 423.0
16 102 379.0
16 103 325.0
16 104 445.0
16 105 108.0
16 106 445.0
16 107 405.0
16 108 506.0
16 109 546.0
16 110 362.0
16 111 150.0
16 112 387.0
16 113 413.0
16 114 439.0
16 115 482.0
16 116 151.0
16 117 403.0
16 118 406.0
16 119 286.0
16 120 84.0
17 1 412.0
17 2 624.0
17 3 531.0
17 4 384.0
17 5 690.0
17 6 506.0
17 7 210.0
17 8 408.0
17 9 398.0
17 10 663.0
17 11 459.0
17 12 892.0
17 13 227.0
17 14 169.0
17 15 351.0
17 16 383.0
17 18 167.0
17 19 220.0
17 20 53.0
17 21 700.0
17 22 223.0
17 23 385.0
17 24 500.0
17 25 259.0
17 26 365.0
17 27 615.0
17 28 267.0
17 29 351.0
17 30 322.0
17 31 303.0
17 32 309.0
17 33 357.0
17 34 338.0
17 35 602.0
17 36 550.0
17 37 724.0
17 38 255.0
17 39 807.0
17 40 285.0
17 41 112.0
17 42 45.0
17 43 196.0
17 44 94.0
17 45 241.0
17 46 61.0
17 47 421.0
17 48 485.0
17 49 36.0
17 50 46.0
17 51 474.0
17 52 347.0
17 53 663.0
17 54 458.0
17 55 469.0
17 56 150.0
17 57 707.0
17 58 289.0
17 59 378.0
17 60 453.0
17 61 346.0
17 62 703.0
17 63 728.0
17 64 732.0
17 65 141.0
17 66 285.0
17 67 738.0
17 68 252.0
17 69 116.0
17 70 366.0
17 71 414.0
17 72 280.0
17 73 672.0
17 74 253.0
17 75 131.0
17 76 374.0
17 77 738.0
17 78 243.0
17 79 259.0
17 80 587.0
17 81 285.0
17 82 565.0
17 83 751.0
17 84 542.0
17 85 213.0
17 86 199.0
17 87 211.0
17 88 800.0
17 89 493.0
17 90 498.0
17 91 342.0
17 92 283.0
17 93 675.0
17 94 245.0
17 95 807.0
17 96 528.0
17 97 818.0
17 98 27.0
17 99 693.0
17 100 325.0
17 101 604.0
17 102 553.0
17 103 341.0
17 104 626.0
17 105 383.0
17 106 626.0
17 107 125.0
17 108 226.0
17 109 720.0
17 110 543.0
17 111 590.0
17 112 568.0
17 113 81.0
17 114 620.0
17 115 656.0
17 116 364.0
17 117 270.0
17 118 29.0
17 119 459.0
17 120 297.0
18 1 400.0
18 2 752.0
18 3 659.0
18 4 512.0
18 5 818.0
18 6 634.0
18 7 338.0
18 8 536.0
18 9 526.0
18 10 791.0
18 11 587.0
18 12 1020.0
18 13 524.0
18 14 151.0
18 15 270.0
18 16 371.0
18 17 167.0
18 19 57.0
18 20 112.0
18 21 828.0
18 22 67.0
18 23 513.0
18 24 488.0
18 25 96.0
18 26 493.0
18 27 743.0
18 28 255.0
18 29 339.0
18 30 310.0
18 31 138.0
18 32 297.0
18 33 280.0
18 34 466.0
18 35 730.0
18 36 678.0
18 37 852.0
18 38 350.0
18 39 935.0
18 40 413.0
18 41 240.0
18 42 204.0
18 43 119.0
18 44 142.0
18 45 226.0
18 46 125.0
18 47 549.0
18 48 613.0
18 49 202.0
18 50 150.0
18 51 602.0
18 52 270.0
18 53 791.0
18 54 586.0
18 55 597.0
18 56 278.0
18 57 835.0
18 58 212.0
18 59 319.0
18 60 441.0
18 61 334.0
18 62 831.0
18 63 856.0
18 64 860.0
18 65 151.0
18 66 120.0
18 67 866.0
18 68 175.0
18 69 132.0
18 70 494.0
18 71 542.0
18 72 408.0
18 73 800.0
18 74 235.0
18 75 101.0
18 76 362.0
18 77 866.0
18 78 189.0
18 79 182.0
18 80 715.0
18 81 155.0
18 82 693.0
18 83 879.0
18 84 670.0
18 85 48.0
18 86 132.0
18 87 183.0
18 88 928.0
18 89 621.0
18 90 626.0
18 91 265.0
18 92 271.0
18 93 803.0
18 94 178.0
18 95 935.0
18 96 656.0
18 97 1006.0
18 98 181.0
18 99 821.0
18 100 248.0
18 101 732.0
18 102 681.0
18 103 469.0
18 104 754.0
18 105 371.0
18 106 754.0
18 107 82.0
18 108 94.0
18 109 848.0
18 110 671.0
18 111 578.0
18 112 696.0
18 113 137.0
18 114 748.0
18 115 784.0
18 116 492.0
18 117 105.0
18 118 190.0
18 119 587.0
18 120 285.0
19 1 472.0
19 2 805.0
19 3 712.0
19 4 565.0
19 5 871.0
19 6 687.0
19 7 391.0
19 8 589.0
19 9 579.0
19 10 844.0
19 11 640.0
19 12 1073.0
19 13 413.0
19 14 257.0
19 15 342.0
19 16 443.0
19 17 220.0
19 18 57.0
19 20 165.0
19 21 881.0
19 22 139.0
19 23 566.0
19 24 560.0
19 25 39.0
19 26 546.0
19 27 796.0
19 28 327.0
19 29 411.0
19 30 382.0
19 31 126.0
19 32 369.0
19 33 217.0
19 34 519.0
19 35 783.0
19 36 731.0
19 37 905.0
19 38 436.0
19 39 988.0
19 40 466.0
19 41 293.0
19 42 257.0
19 43 136.0
19 44 224.0
19 45 298.0
19 46 178.0
19 47 602.0
19 48 666.0
19 49 255.0
19 50 203.0
19 51 655.0
19 52 200.0
19 53 844.0
19 54 639.0
19 55 650.0
19 56 331.0
19 57 888.0
19 58 197.0
19 59 391.0
19 60 513.0
19 61 406.0
19 62 884.0
19 63 909.0
19 64 913.0
19 65 168.0
19 66 108.0
19 67 919.0
19 68 192.0
19 69 149.0
19 70 547.0
19 71 595.0
19 72 461.0
19 73 853.0
19 74 339.0
19 75 174.0
19 76 434.0
19 77 919.0
19 78 261.0
19 79 150.0
19 80 768.0
19 81 227.0
19 82 746.0
19 83 932.0
19 84 723.0
19 85 59.0
19 86 204.0
19 87 294.0
19 88 981.0
19 89 674.0
19 90 679.0
19 91 282.0
19 92 343.0
19 93 856.0
19 94 250.0
19 95 988.0
19 96 709.0
19 97 1059.0
19 98 234.0
19 99 874.0
19 100 185.0
19 101 785.0
19 102 734.0
19 103 522.0
19 104 807.0
19 105 443.0
19 106 807.0
19 107 142.0
19 108 76.0
19 109 901.0
19 110 724.0
19 111 650.0
19 112 749.0
19 113 184.0
19 114 801.0
19 115 837.0
19 116 545.0
19 117 69.0
19 118 243.0
19 119 640.0
19 120 357.0
20 1 389.0
20 2 665.0
20 3 572.0
20 4 425.0
20 5 731.0
20 6 547.0
20 7 251.0
20 8 449.0
20 9 439.0
20 10 704.0
20 11 500.0
20 12 933.0
20 13 274.0
20 14 146.0
20 15 328.0
20 16 360.0
20 17 53.0
20 18 112.0
20 19 165.0
20 21 741.0
20 22 168.0
20 23 426.0
20 24 477.0
20 25 204.0
20 26 406.0
20 27 656.0
20 28 244.0
20 29 328.0
20 30 299.0
20 31 248.0
20 32 286.0
20 33 279.0
20 34 379.0
20 35 643.0
20 36 591.0
20 37 765.0
20 38 296.0
20 39 848.0
20 40 326.0
20 41 153.0
20 42 101.0
20 43 118.0
20 44 84.0
20 45 218.0
20 46 38.0
20 47 462.0
20 48 526.0
20 49 88.0
20 50 63.0
20 51 515.0
20 52 269.0
20 53 704.0
20 54 499.0
20 55 510.0
20 56 191.0
20 57 748.0
20 58 211.0
20 59 355.0
20 60 430.0
20 61 323.0
20 62 744.0
20 63 769.0
20 64 773.0
20 65 116.0
20 66 230.0
20 67 779.0
20 68 174.0
20 69 91.0
20 70 407.0
20 71 455.0
20 72 321.0
20 73 713.0
20 74 230.0
20 75 108.0
20 76 351.0
20 77 779.0
20 78 220.0
20 79 181.0
20 80 628.0
20 81 229.0
20 82 606.0
20 83 792.0
20 84 583.0
20 85 158.0
20 86 202.0
20 87 178.0
20 88 841.0
20 89 534.0
20 90 539.0
20 91 264.0
20 92 260.0
20 93 716.0
20 94 220.0
20 95 848.0
20 96 569.0
20 97 919.0
20 98 82.0
20 99 734.0
20 100 247.0
20 101 645.0
20 102 594.0
20 103 382.0
20 104 667.0
20 105 360.0
20 106 667.0
20 107 47.0
20 108 129.0
20 109 761.0
20 110 584.0
20 111 567.0
20 112 609.0
20 113 53.0
20 114 661.0
20 115 697.0
20 116 405.0
20 117 215.0
20 118 64.0
20 119 500.0
20 120 274.0
21 1 610.0
21 2 76.0
21 3 183.0
21 4 317.0
21 5 192.0
21 6 442.0
21 7 396.0
21 8 430.0
21 9 202.0
21 10 515.0
21 11 141.0
21 12 233.0
21 13 492.0
21 14 723.0
21 15 653.0
21 16 526.0
21 17 700.0
21 18 828.0
21 19 881.0
21 20 741.0
21 22 806.0
21 23 213.0
21 24 523.0
21 25 920.0
21 26 359.0
21 27 188.0
21 28 615.0
21 29 583.0
21 30 596.0
21 31 867.0
21 32 600.0
21 33 1018.0
21 34 357.0
21 35 538.0
21 36 449.0
21 37 360.0
21 38 351.0
21 39 272.0
21 40 429.0
21 41 596.0
21 42 670.0
21 43 857.0
21 44 687.0
21 45 651.0
21 46 714.0
21 47 390.0
21 48 310.0
21 49 740.0
21 50 682.0
21 51 193.0
21 52 1008.0
21 53 131.0
21 54 460.0
21 55 413.0
21 56 555.0
21 57 302.0
21 58 950.0
21 59 680.0
21 60 477.0
21 61 540.0
21 62 375.0
21 63 233.0
21 64 98.0
21 65 855.0
21 66 838.0
21 67 344.0
21 68 913.0
21 69 830.0
21 70 392.0
21 71 412.0
21 72 458.0
21 73 289.0
21 74 555.0
21 75 759.0
21 76 605.0
21 77 177.0
21 78 677.0
21 79 920.0
21 80 216.0
21 81 756.0
21 82 141.0
21 83 346.0
21 84 478.0
21 85 841.0
21 86 734.0
21 87 595.0
21 88 108.0
21 89 382.0
21 90 500.0
21 91 1003.0
21 92 641.0
21 93 57.0
21 94 716.0
21 95 190.0
21 96 530.0
21 97 203.0
21 98 672.0
21 99 421.0
21 100 986.0
21 101 275.0
21 102 262.0
21 103 245.0
21 104 420.0
21 105 488.0
21 106 344.0
21 107 786.0
21 108 887.0
21 109 43.0
21 110 346.0
21 111 594.0
21 112 350.0
21 113 794.0
21 114 265.0
21 115 81.0
21 116 389.0
21 117 898.0
21 118 729.0
21 119 243.0
21 120 587.0
22 1 340.0
22 2 730.0
22 3 630.0
22 4 490.0
22 5 789.0
22 6 605.0
22 7 394.0
22 8 474.0
22 9 582.0
22 10 762.0
22 11 643.0
22 12 998.0
22 13 444.0
22 14 125.0
22 15 185.0
22 16 311.0
22 17 223.0
22 18 67.0
22 19 139.0
22 20 168.0
22 21 806.0
22 23 569.0
22 24 428.0
22 25 178.0
22 26 465.0
22 27 721.0
22 28 195.0
22 29 279.0
22 30 250.0
22 31 101.0
22 32 237.0
22 33 336.0
22 34 455.0
22 35 701.0
22 36 649.0
22 37 823.0
22 38 439.0
22 39 906.0
22 40 439.0
22 41 296.0
22 42 260.0
22 43 175.0
22 44 146.0
22 45 166.0
22 46 181.0
22 47 520.0
22 48 584.0
22 49 258.0
22 50 206.0
22 51 658.0
22 52 326.0
22 53 769.0
22 54 534.0
22 55 568.0
22 56 334.0
22 57 806.0
22 58 268.0
22 59 234.0
22 60 381.0
22 61 274.0
22 62 802.0
22 63 827.0
22 64 838.0
22 65 207.0
22 66 72.0
22 67 837.0
22 68 231.0
22 69 188.0
22 70 443.0
22 71 513.0
22 72 464.0
22 73 771.0
22 74 228.0
22 75 105.0
22 76 302.0
22 77 844.0
22 78 129.0
22 79 238.0
22 80 693.0
22 81 88.0
22 82 671.0
22 83 850.0
22 84 641.0
22 85 42.0
22 86 72.0
22 87 162.0
22 88 906.0
22 89 592.0
22 90 574.0
22 91 321.0
22 92 211.0
22 93 781.0
22 94 96.0
22 95 913.0
22 96 555.0
22 97 984.0
22 98 237.0
22 99 792.0
22 100 304.0
22 101 703.0
22 102 659.0
22 103 525.0
22 104 725.0
22 105 311.0
22 106 725.0
22 107 145.0
22 108 154.0
22 109 826.0
22 110 642.0
22 111 518.0
22 112 667.0
22 113 209.0
22 114 719.0
22 115 762.0
22 116 431.0
22 117 99.0
22 118 246.0
22 119 555.0
22 120 225.0
23 1 510.0
23 2 152.0
23 3 134.0
23 4 217.0
23 5 248.0
23 6 370.0
23 7 175.0
23 8 330.0
23 9 46.0
23 10 527.0
23 11 72.0
23 12 438.0
23 13 380.0
23 14 359.0
23 15 553.0
23 16 426.0
23 17 385.0
23 18 513.0
23 19 566.0
23 20 426.0
23 21 213.0
23 22 569.0
23 24 423.0
23 25 605.0
23 26 259.0
23 27 206.0
23 28 515.0
23 29 483.0
23 30 496.0
23 31 649.0
23 32 500.0
23 33 703.0
23 34 257.0
23 35 466.0
23 36 377.0
23 37 346.0
23 38 130.0
23 39 365.0
23 40 226.0
23 41 281.0
23 42 355.0
23 43 542.0
23 44 372.0
23 45 406.0
23 46 399.0
23 47 290.0
23 48 232.0
23 49 425.0
23 50 367.0
23 51 89.0
23 52 693.0
23 53 209.0
23 54 360.0
23 55 370.0
23 56 240.0
23 57 368.0
23 58 635.0
23 59 580.0
23 60 377.0
23 61 440.0
23 62 400.0
23 63 286.0
23 64 278.0
23 65 540.0
23 66 631.0
23 67 360.0
23 68 598.0
23 69 515.0
23 70 292.0
23 71 312.0
23 72 221.0
23 73 333.0
23 74 304.0
23 75 413.0
23 76 505.0
23 77 284.0
23 78 406.0
23 79 605.0
23 80 201.0
23 81 492.0
23 82 111.0
23 83 412.0
23 84 406.0
23 85 559.0
23 86 406.0
23 87 316.0
23 88 321.0
23 89 310.0
23 90 400.0
23 91 688.0
23 92 541.0
23 93 221.0
23 94 452.0
23 95 353.0
23 96 430.0
23 97 424.0
23 98 357.0
23 99 460.0
23 100 671.0
23 101 259.0
23 102 213.0
23 103 72.0
23 104 408.0
23 105 388.0
23 106 365.0
23 107 471.0
23 108 572.0
23 109 266.0
23 110 279.0
23 111 494.0
23 112 332.0
23 113 479.0
23 114 281.0
23 115 132.0
23 116 289.0
23 117 616.0
23 118 414.0
23 119 111.0
23 120 487.0
24 1 153.0
24 2 447.0
24 3 354.0
24 4 207.0
24 5 470.0
24 6 280.0
24 7 246.0
24 8 113.0
24 9 377.0
24 10 437.0
24 11 465.0
24 12 715.0
24 13 659.0
24 14 345.0
24 15 275.0
24 16 98.0
24 17 500.0
24 18 488.0
24 19 560.0
24 20 477.0
24 21 523.0
24 22 428.0
24 23 423.0
24 25 599.0
24 26 170.0
24 27 438.0
24 28 237.0
24 29 205.0
24 30 218.0
24 31 489.0
24 32 222.0
24 33 754.0
24 34 172.0
24 35 376.0
24 36 324.0
24 37 504.0
24 38 248.0
24 39 587.0
24 40 157.0
24 41 338.0
24 42 537.0
24 43 593.0
24 44 410.0
24 45 273.0
24 46 441.0
24 47 238.0
24 48 302.0
24 49 535.0
24 50 448.0
24 51 517.0
24 52 744.0
24 53 486.0
24 54 151.0
24 55 241.0
24 56 297.0
24 57 487.0
24 58 686.0
24 59 302.0
24 60 47.0
24 61 162.0
24 62 483.0
24 63 508.0
24 64 555.0
24 65 591.0
24 66 460.0
24 67 518.0
24 68 649.0
24 69 566.0
24 70 133.0
24 71 213.0
24 72 186.0
24 73 452.0
24 74 263.0
24 75 381.0
24 76 227.0
24 77 561.0
24 78 299.0
24 79 656.0
24 80 410.0
24 81 378.0
24 82 388.0
24 83 531.0
24 84 316.0
24 85 463.0
24 86 356.0
24 87 342.0
24 88 623.0
24 89 273.0
24 90 191.0
24 91 739.0
24 92 263.0
24 93 498.0
24 94 338.0
24 95 631.0
24 96 167.0
24 97 701.0
24 98 514.0
24 99 467.0
24 100 722.0
24 101 384.0
24 102 376.0
24 103 322.0
24 104 400.0
24 105 167.0
24 106 406.0
24 107 522.0
24 108 623.0
24 109 543.0
24 110 323.0
24 111 90.0
24 112 348.0
24 113 530.0
24 114 400.0
24 115 479.0
24 116 137.0
24 117 520.0
24 118 523.0
24 119 283.0
24 120 209.0
25 1 511.0
25 2 844.0
25 3 751.0
25 4 604.0
25 5 910.0
25 6 726.0
25 7 430.0
25 8 628.0
25 9 618.0
25 10 883.0
25 11 679.0
25 12 1112.0
25 13 407.0
25 14 296.0
25 15 381.0
25 16 482.0
25 17 259.0
25 18 96.0
25 19 39.0
25 20 204.0
25 21 920.0
25 22 178.0
25 23 605.0
25 24 599.0
25 26 585.0
25 27 835.0
25 28 366.0
25 29 450.0
25 30 412.0
25 31 165.0
25 32 408.0
25 33 194.0
25 34 558.0
25 35 822.0
25 36 770.0
25 37 944.0
25 38 475.0
25 39 1027.0
25 40 505.0
25 41 332.0
25 42 296.0
25 43 129.0
25 44 263.0
25 45 337.0
25 46 217.0
25 47 641.0
25 48 705.0
25 49 294.0
25 50 242.0
25 51 694.0
25 52 177.0
25 53 883.0
25 54 678.0
25 55 689.0
25 56 370.0
25 57 927.0
25 58 157.0
25 59 430.0
25 60 552.0
25 61 445.0
25 62 923.0
25 63 948.0
25 64 952.0
25 65 162.0
25 66 147.0
25 67 958.0
25 68 186.0
25 69 159.0
25 70 586.0
25 71 634.0
25 72 500.0
25 73 892.0
25 74 378.0
25 75 213.0
25 76 473.0
25 77 958.0
25 78 300.0
25 79 127.0
25 80 807.0
25 81 266.0
25 82 785.0
25 83 971.0
25 84 762.0
25 85 98.0
25 86 243.0
25 87 333.0
25 88 1020.0
25 89 713.0
25 90 718.0
25 91 276.0
25 92 382.0
25 93 895.0
25 94 289.0
25 95 1027.0
25 96 748.0
25 97 1098.0
25 98 273.0
25 99 913.0
25 100 162.0
25 101 824.0
25 102 773.0
25 103 561.0
25 104 846.0
25 105 482.0
25 106 846.0
25 107 145.0
25 108 75.0
25 109 940.0
25 110 763.0
25 111 689.0
25 112 788.0
25 113 194.0
25 114 840.0
25 115 876.0
25 116 584.0
25 117 108.0
25 118 282.0
25 119 679.0
25 120 396.0
26 1 269.0
26 2 283.0
26 3 190.0
26 4 42.0
26 5 332.0
26 6 148.0
26 7 169.0
26 8 63.0
26 9 213.0
26 10 305.0
26 11 301.0
26 12 544.0
26 13 582.0
26 14 382.0
26 15 312.0
26 16 185.0
26 17 365.0
26 18 493.0
26 19 546.0
26 20 406.0
26 21 359.0
26 22 465.0
26 23 259.0
26 24 170.0
26 25 585.0
26 27 274.0
26 28 274.0
26 29 242.0
26 30 255.0
26 31 526.0
26 32 259.0
26 33 683.0
26 34 27.0
26 35 244.0
26 36 192.0
26 37 366.0
26 38 136.0
26 39 449.0
26 40 94.0
26 41 261.0
26 42 335.0
26 43 522.0
26 44 352.0
26 45 310.0
26 46 379.0
26 47 64.0
26 48 128.0
26 49 405.0
26 50 347.0
26 51 354.0
26 52 673.0
26 53 322.0
26 54 101.0
26 55 111.0
26 56 220.0
26 57 349.0
26 58 615.0
26 59 339.0
26 60 136.0
26 61 199.0
26 62 345.0
26 63 370.0
26 64 391.0
26 65 520.0
26 66 497.0
26 67 380.0
26 68 578.0
26 69 495.0
26 70 37.0
26 71 53.0
26 72 123.0
26 73 314.0
26 74 220.0
26 75 418.0
26 76 264.0
26 77 390.0
26 78 336.0
26 79 585.0
26 80 246.0
26 81 415.0
26 82 224.0
26 83 393.0
26 84 184.0
26 85 500.0
26 86 393.0
26 87 260.0
26 88 459.0
26 89 135.0
26 90 141.0
26 91 668.0
26 92 300.0
26 93 334.0
26 94 375.0
26 95 459.0
26 96 171.0
26 97 530.0
26 98 337.0
26 99 335.0
26 100 651.0
26 101 202.0
26 102 176.0
26 103 158.0
26 104 268.0
26 105 153.0
26 106 268.0
26 107 451.0
26 108 552.0
26 109 379.0
26 110 185.0
26 111 235.0
26 112 210.0
26 113 459.0
26 114 262.0
26 115 315.0
26 116 48.0
26 117 557.0
26 118 394.0
26 119 119.0
26 120 246.0
27 1 525.0
27 2 157.0
27 3 95.0
27 4 232.0
27 5 42.0
27 6 257.0
27 7 316.0
27 8 355.0
27 9 160.0
27 10 330.0
27 11 167.0
27 12 254.0
27 13 521.0
27 14 638.0
27 15 568.0
27 16 441.0
27 17 615.0
27 18 743.0
27 19 796.0
27 20 656.0
27 21 188.0
27 22 721.0
27 23 206.0
27 24 438.0
27 25 835.0
27 26 274.0
27 28 530.0
27 29 498.0
27 30 511.0
27 31 782.0
27 32 515.0
27 33 933.0
27 34 272.0
27 35 353.0
27 36 264.0
27 37 179.0
27 38 271.0
27 39 159.0
27 40 344.0
27 41 511.0
27 42 585.0
27 43 772.0
27 44 602.0
27 45 566.0
27 46 629.0
27 47 227.0
27 48 163.0
27 49 655.0
27 50 597.0
27 51 220.0
27 52 923.0
27 53 57.0
27 54 318.0
27 55 228.0
27 56 470.0
27 57 149.0
27 58 865.0
27 59 595.0
27 60 392.0
27 61 455.0
27 62 194.0
27 63 80.0
27 64 132.0
27 65 770.0
27 66 753.0
27 67 193.0
27 68 828.0
27 69 745.0
27 70 307.0
27 71 248.0
27 72 373.0
27 73 127.0
27 74 470.0
27 75 674.0
27 76 520.0
27 77 100.0
27 78 592.0
27 79 835.0
27 80 28.0
27 81 671.0
27 82 95.0
27 83 193.0
27 84 293.0
27 85 756.0
27 86 649.0
27 87 510.0
27 88 241.0
27 89 197.0
27 90 307.0
27 91 918.0
27 92 556.0
27 93 131.0
27 94 631.0
27 95 169.0
27 96 372.0
27 97 240.0
27 98 587.0
27 99 236.0
27 100 901.0
27 101 87.0
27 102 115.0
27 103 200.0
27 104 235.0
27 105 403.0
27 106 159.0
27 107 701.0
27 108 802.0
27 109 161.0
27 110 161.0
27 111 436.0
27 112 165.0
27 113 709.0
27 114 75.0
27 115 189.0
27 116 304.0
27 117 813.0
27 118 644.0
27 119 163.0
27 120 502.0
28 1 150.0
28 2 539.0
28 3 446.0
28 4 299.0
28 5 598.0
28 6 414.0
28 7 279.0
28 8 283.0
28 9 469.0
28 10 571.0
28 11 557.0
28 12 807.0
28 13 488.0
28 14 112.0
28 15 96.0
28 16 120.0
28 17 267.0
28 18 255.0
28 19 327.0
28 20 244.0
28 21 615.0
28 22 195.0
28 23 515.0
28 24 237.0
28 25 366.0
28 26 274.0
28 27 530.0
28 29 63.0
28 30 56.0
28 31 256.0
28 32 34.0
28 33 521.0
28 34 264.0
28 35 509.0
28 36 458.0
28 37 632.0
28 38 286.0
28 39 715.0
28 40 190.0
28 41 220.0
28 42 304.0
28 43 360.0
28 44 177.0
28 45 40.0
28 46 208.0
28 47 329.0
28 48 393.0
28 49 302.0
28 50 215.0
28 51 610.0
28 52 511.0
28 53 578.0
28 54 343.0
28 55 377.0
28 56 174.0
28 57 615.0
28 58 453.0
28 59 123.0
28 60 190.0
28 61 83.0
28 62 611.0
28 63 636.0
28 64 647.0
28 65 358.0
28 66 227.0
28 67 646.0
28 68 416.0
28 69 333.0
28 70 252.0
28 71 397.0
28 72 193.0
28 73 580.0
28 74 79.0
28 75 148.0
28 76 119.0
28 77 653.0
28 78 105.0
28 79 423.0
28 80 502.0
28 81 144.0
28 82 480.0
28 83 659.0
28 84 450.0
28 85 230.0
28 86 123.0
28 87 98.0
28 88 715.0
28 89 401.0
28 90 383.0
28 91 506.0
28 92 32.0
28 93 590.0
28 94 105.0
28 95 722.0
28 96 364.0
28 97 793.0
28 98 281.0
28 99 601.0
28 100 489.0
28 101 512.0
28 102 468.0
28 103 413.0
28 104 534.0
28 105 119.0
28 106 534.0
28 107 289.0
28 108 390.0
28 109 635.0
28 110 451.0
28 111 402.0
28 112 476.0
28 113 297.0
28 114 528.0
28 115 571.0
28 116 240.0
28 117 287.0
28 118 290.0
28 119 375.0
28 120 35.0
29 1 80.0
29 2 507.0
29 3 414.0
29 4 267.0
29 5 566.0
29 6 382.0
29 7 305.0
29 8 251.0
29 9 437.0
29 10 539.0
29 11 525.0
29 12 775.0
29 13 572.0
29 14 196.0
29 15 88.0
29 16 77.0
29 17 351.0
29 18 339.0
29 19 411.0
29 20 328.0
29 21 583.0
29 22 279.0
29 23 483.0
29 24 205.0
29 25 450.0
29 26 242.0
29 27 498.0
29 28 63.0
29 30 25.0
29 31 340.0
29 32 29.0
29 33 605.0
29 34 232.0
29 35 478.0
29 36 426.0
29 37 600.0
29 38 312.0
29 39 683.0
29 40 216.0
29 41 322.0
29 42 388.0
29 43 444.0
29 44 261.0
29 45 124.0
29 46 292.0
29 47 297.0
29 48 361.0
29 49 386.0
29 50 299.0
29 51 577.0
29 52 595.0
29 53 546.0
29 54 311.0
29 55 345.0
29 56 276.0
29 57 583.0
29 58 537.0
29 59 115.0
29 60 158.0
29 61 47.0
29 62 579.0
29 63 604.0
29 64 615.0
29 65 442.0
29 66 311.0
29 67 614.0
29 68 500.0
29 69 417.0
29 70 220.0
29 71 290.0
29 72 245.0
29 73 548.0
29 74 139.0
29 75 232.0
