1 2 593.0
1 3 409.0
1 4 566.0
1 5 633.0
1 6 257.0
1 7 91.0
1 8 412.0
1 9 378.0
1 10 593.0
1 11 150.0
1 12 659.0
1 13 80.0
1 14 434.0
1 15 455.0
1 16 134.0
1 17 649.0
1 18 259.0
1 19 505.0
1 20 710.0
1 21 488.0
1 22 353.0
1 23 324.0
1 24 605.0
1 25 372.0
1 26 330.0
1 27 581.0
1 28 154.0
1 29 70.0
1 30 606.0
1 31 585.0
1 32 544.0
1 33 496.0
1 34 317.0
1 35 648.0
1 36 211.0
1 37 475.0
1 38 654.0
1 39 710.0
1 40 585.0
1 41 246.0
1 42 788.0
1 43 446.0
1 44 166.0
1 45 523.0
1 46 235.0
1 47 369.0
1 48 121.0
2 1 593.0
2 3 258.0
2 4 331.0
2 5 586.0
2 6 602.0
2 7 509.0
2 8 627.0
2 9 755.0
2 10 416.0
2 11 598.0
2 12 488.0
2 13 566.0
2 14 893.0
2 15 417.0
2 16 583.0
2 17 945.0
2 18 364.0
2 19 354.0
2 20 117.0
2 21 784.0
2 22 641.0
2 23 275.0
2 24 287.0
2 25 229.0
2 26 484.0
2 27 877.0
2 28 460.0
2 29 523.0
2 30 183.0
2 31 427.0
2 32 840.0
2 33 525.0
2 34 289.0
2 35 68.0
2 36 660.0
2 37 137.0
2 38 151.0
2 39 239.0
2 40 135.0
2 41 373.0
2 42 208.0
2 43 162.0
2 44 437.0
2 45 81.0
2 46 371.0
2 47 205.0
2 48 570.0
3 1 409.0
3 2 258.0
3 4 171.0
3 5 723.0
3 6 522.0
3 7 325.0
3 8 506.0
3 9 634.0
3 10 564.0
3 11 414.0
3 12 630.0
3 13 382.0
3 14 699.0
3 15 433.0
3 16 399.0
3 17 824.0
3 18 180.0
3 19 110.0
3 20 375.0
3 21 663.0
3 22 520.0
3 23 91.0
3 24 431.0
3 25 39.0
3 26 361.0
3 27 756.0
3 28 276.0
3 29 339.0
3 30 216.0
3 31 563.0
3 32 719.0
3 33 595.0
3 34 105.0
3 35 316.0
3 36 476.0
3 37 295.0
3 38 319.0
3 39 487.0
3 40 385.0
3 41 183.0
3 42 456.0
3 43 111.0
3 44 247.0
3 45 188.0
3 46 187.0
3 47 289.0
3 48 386.0
4 1 566.0
4 2 331.0
4 3 171.0
4 5 874.0
4 6 679.0
4 7 482.0
4 8 663.0
4 9 791.0
4 10 721.0
4 11 571.0
4 12 787.0
4 13 539.0
4 14 856.0
4 15 590.0
4 16 566.0
4 17 981.0
4 18 337.0
4 19 70.0
4 20 354.0
4 21 820.0
4 22 677.0
4 23 248.0
4 24 588.0
4 25 196.0
4 26 518.0
4 27 913.0
4 28 433.0
4 29 496.0
4 30 147.0
4 31 720.0
4 32 876.0
4 33 751.0
4 34 262.0
4 35 362.0
4 36 633.0
4 37 452.0
4 38 266.0
4 39 546.0
4 40 458.0
4 41 340.0
4 42 488.0
4 43 268.0
4 44 404.0
4 45 255.0
4 46 344.0
4 47 446.0
4 48 543.0
5 1 633.0
5 2 586.0
5 3 723.0
5 4 874.0
5 6 390.0
5 7 598.0
5 8 227.0
5 9 397.0
5 10 271.0
5 11 488.0
5 12 205.0
5 13 572.0
5 14 524.0
5 15 313.0
5 16 530.0
5 17 446.0
5 18 555.0
5 19 819.0
5 20 679.0
5 21 289.0
5 22 282.0
5 23 638.0
5 24 313.0
5 25 686.0
5 26 378.0
5 27 370.0
5 28 612.0
5 29 569.0
5 30 715.0
5 31 179.0
5 32 311.0
5 33 147.0
5 34 631.0
5 35 584.0
5 36 466.0
5 37 437.0
5 38 755.0
5 39 616.0
5 40 499.0
5 41 745.0
5 42 724.0
5 43 624.0
5 44 749.0
5 45 596.0
5 46 581.0
5 47 537.0
5 48 518.0
6 1 257.0
6 2 602.0
6 3 522.0
6 4 679.0
6 5 390.0
6 7 228.0
6 8 169.0
6 9 175.0
6 10 445.0
6 11 112.0
6 12 511.0
6 13 196.0
6 14 231.0
6 15 304.0
6 16 154.0
6 17 423.0
6 18 272.0
6 19 618.0
6 20 693.0
6 21 262.0
6 22 110.0
6 23 437.0
6 24 445.0
6 25 485.0
6 26 119.0
6 27 355.0
6 28 298.0
6 29 191.0
6 30 719.0
6 31 437.0
6 32 318.0
6 33 253.0
6 34 430.0
6 35 598.0
6 36 74.0
6 37 428.0
6 38 767.0
6 39 660.0
6 40 535.0
6 41 472.0
6 42 738.0
6 43 559.0
6 44 435.0
6 45 636.0
6 46 348.0
6 47 328.0
6 48 142.0
7 1 91.0
7 2 509.0
7 3 325.0
7 4 482.0
7 5 598.0
7 6 228.0
7 8 383.0
7 9 349.0
7 10 509.0
7 11 120.0
7 12 575.0
7 13 77.0
7 14 405.0
7 15 371.0
7 16 105.0
7 17 620.0
7 18 175.0
7 19 421.0
7 20 626.0
7 21 459.0
7 22 324.0
7 23 240.0
7 24 520.0
7 25 288.0
7 26 260.0
7 27 552.0
7 28 63.0
7 29 27.0
7 30 522.0
7 31 501.0
7 32 515.0
7 33 468.0
7 34 233.0
7 35 564.0
7 36 182.0
7 37 391.0
7 38 570.0
7 39 626.0
7 40 501.0
7 41 237.0
7 42 704.0
7 43 362.0
7 44 150.0
7 45 439.0
7 46 151.0
7 47 286.0
7 48 84.0
8 1 412.0
8 2 627.0
8 3 506.0
8 4 663.0
8 5 227.0
8 6 169.0
8 7 383.0
8 9 167.0
8 10 293.0
8 11 267.0
8 12 304.0
8 13 351.0
8 14 303.0
8 15 228.0
8 16 309.0
8 17 357.0
8 18 338.0
8 19 602.0
8 20 720.0
8 21 196.0
8 22 61.0
8 23 421.0
8 24 470.0
8 25 469.0
8 26 150.0
8 27 289.0
8 28 453.0
8 29 346.0
8 30 703.0
8 31 196.0
8 32 252.0
8 33 85.0
8 34 414.0
8 35 625.0
8 36 243.0
8 37 452.0
8 38 751.0
8 39 687.0
8 40 562.0
8 41 528.0
8 42 765.0
8 43 543.0
8 44 590.0
8 45 620.0
8 46 364.0
8 47 355.0
8 48 297.0
9 1 378.0
9 2 755.0
9 3 634.0
9 4 791.0
9 5 397.0
9 6 175.0
9 7 349.0
9 8 167.0
9 10 429.0
9 11 233.0
9 12 470.0
9 13 317.0
9 14 138.0
9 15 394.0
9 16 275.0
9 17 280.0
9 18 466.0
9 19 730.0
9 20 848.0
9 21 119.0
9 22 125.0
9 23 549.0
9 24 598.0
9 25 597.0
9 26 278.0
9 27 212.0
9 28 419.0
9 29 312.0
9 30 831.0
9 31 362.0
9 32 175.0
9 33 251.0
9 34 542.0
9 35 753.0
9 36 171.0
9 37 580.0
9 38 879.0
9 39 815.0
9 40 690.0
9 41 656.0
9 42 893.0
9 43 671.0
9 44 556.0
9 45 648.0
9 46 469.0
9 47 483.0
9 48 263.0
10 1 593.0
10 2 416.0
10 3 564.0
10 4 721.0
10 5 271.0
10 6 445.0
10 7 509.0
10 8 293.0
10 9 429.0
10 11 541.0
10 12 76.0
10 13 563.0
10 14 595.0
10 15 158.0
10 16 575.0
10 17 649.0
10 18 403.0
10 19 660.0
10 20 533.0
10 21 488.0
10 22 353.0
10 23 486.0
10 24 143.0
10 25 511.0
10 26 323.0
10 27 581.0
10 28 460.0
10 29 516.0
10 30 549.0
10 31 80.0
10 32 508.0
10 33 208.0
10 34 479.0
10 35 418.0
10 36 489.0
10 37 271.0
10 38 561.0
10 39 443.0
10 40 333.0
10 41 593.0
10 42 558.0
10 43 458.0
10 44 597.0
10 45 430.0
10 46 429.0
10 47 371.0
10 48 570.0
11 1 150.0
11 2 598.0
11 3 414.0
11 4 571.0
11 5 488.0
11 6 112.0
11 7 120.0
11 8 267.0
11 9 233.0
11 10 541.0
11 12 607.0
11 13 63.0
11 14 289.0
11 15 399.0
11 16 34.0
11 17 504.0
11 18 264.0
11 19 509.0
11 20 715.0
11 21 343.0
11 22 208.0
11 23 329.0
11 24 610.0
11 25 397.0
11 26 174.0
11 27 436.0
11 28 190.0
11 29 83.0
11 30 611.0
11 31 532.0
11 32 399.0
11 33 351.0
11 34 332.0
11 35 653.0
11 36 66.0
11 37 480.0
11 38 659.0
11 39 715.0
11 40 590.0
11 41 364.0
11 42 793.0
11 43 451.0
11 44 402.0
11 45 528.0
11 46 240.0
11 47 375.0
11 48 35.0
12 1 659.0
12 2 488.0
12 3 630.0
12 4 787.0
12 5 205.0
12 6 511.0
12 7 575.0
12 8 304.0
12 9 470.0
12 10 76.0
12 11 607.0
12 13 629.0
12 14 606.0
12 15 224.0
12 16 638.0
12 17 648.0
12 18 469.0
12 19 728.0
12 20 610.0
12 21 502.0
12 22 364.0
12 23 552.0
12 24 215.0
12 25 578.0
12 26 389.0
12 27 571.0
12 28 526.0
12 29 589.0
12 30 615.0
12 31 108.0
12 32 494.0
12 33 236.0
12 34 545.0
12 35 484.0
12 36 555.0
12 37 337.0
12 38 627.0
12 39 509.0
12 40 399.0
12 41 659.0
12 42 624.0
12 43 524.0
12 44 663.0
12 45 496.0
12 46 495.0
12 47 437.0
12 48 636.0
13 1 80.0
13 2 566.0
13 3 382.0
13 4 539.0
13 5 572.0
13 6 196.0
13 7 77.0
13 8 351.0
13 9 317.0
13 10 563.0
13 11 63.0
13 12 629.0
13 14 373.0
13 15 425.0
13 16 29.0
13 17 588.0
13 18 232.0
13 19 478.0
13 20 683.0
13 21 427.0
13 22 292.0
13 23 297.0
13 24 577.0
13 25 345.0
13 26 276.0
13 27 520.0
13 28 158.0
13 29 47.0
13 30 579.0
13 31 558.0
13 32 483.0
13 33 435.0
13 34 290.0
13 35 621.0
13 36 150.0
13 37 448.0
13 38 627.0
13 39 683.0
13 40 558.0
13 41 332.0
13 42 761.0
13 43 419.0
13 44 295.0
13 45 496.0
13 46 208.0
13 47 343.0
13 48 29.0
14 1 434.0
14 2 893.0
14 3 699.0
14 4 856.0
14 5 524.0
14 6 231.0
14 7 405.0
14 8 303.0
14 9 138.0
14 10 595.0
14 11 289.0
14 12 606.0
14 13 373.0
14 15 530.0
14 16 298.0
14 17 416.0
14 18 549.0
14 19 795.0
14 20 986.0
14 21 255.0
14 22 261.0
14 23 614.0
14 24 734.0
14 25 662.0
14 26 414.0
14 27 348.0
14 28 475.0
14 29 368.0
14 30 896.0
14 31 498.0
14 32 311.0
14 33 387.0
14 34 607.0
14 35 891.0
14 36 227.0
14 37 718.0
14 38 944.0
14 39 953.0
14 40 828.0
14 41 649.0
14 42 1031.0
14 43 736.0
14 44 612.0
14 45 813.0
14 46 525.0
14 47 554.0
14 48 319.0
15 1 455.0
15 2 417.0
15 3 433.0
15 4 590.0
15 5 313.0
15 6 304.0
15 7 371.0
15 8 228.0
15 9 394.0
15 10 158.0
15 11 399.0
15 12 224.0
15 13 425.0
15 14 530.0
15 16 434.0
15 17 584.0
15 18 265.0
15 19 529.0
15 20 534.0
15 21 423.0
15 22 288.0
15 23 348.0
15 24 144.0
15 25 396.0
15 26 185.0
15 27 516.0
15 28 322.0
15 29 385.0
15 30 546.0
15 31 163.0
15 32 479.0
15 33 162.0
15 34 341.0
15 35 415.0
15 36 351.0
15 37 268.0
15 38 558.0
15 39 440.0
15 40 330.0
15 41 455.0
15 42 555.0
15 43 455.0
15 44 459.0
15 45 427.0
15 46 291.0
15 47 269.0
15 48 432.0
16 1 134.0
16 2 583.0
16 3 399.0
16 4 566.0
16 5 530.0
16 6 154.0
16 7 105.0
16 8 309.0
16 9 275.0
16 10 575.0
16 11 34.0
16 12 638.0
16 13 29.0
16 14 298.0
16 15 434.0
16 17 546.0
16 18 249.0
16 19 494.0
16 20 700.0
16 21 385.0
16 22 250.0
16 23 314.0
16 24 595.0
16 25 361.0
16 26 207.0
16 27 478.0
16 28 175.0
16 29 68.0
16 30 596.0
16 31 567.0
16 32 441.0
16 33 393.0
16 34 307.0
16 35 638.0
16 36 108.0
16 37 465.0
16 38 644.0
16 39 700.0
16 40 575.0
16 41 349.0
16 42 778.0
16 43 436.0
16 44 387.0
16 45 513.0
16 46 225.0
16 47 360.0
16 48 36.0
17 1 649.0
17 2 945.0
17 3 824.0
17 4 981.0
17 5 446.0
17 6 423.0
17 7 620.0
17 8 357.0
17 9 280.0
17 10 649.0
17 11 504.0
17 12 648.0
17 13 588.0
17 14 416.0
17 15 584.0
17 16 546.0
17 18 656.0
17 19 920.0
17 20 1038.0
17 21 161.0
17 22 315.0
17 23 739.0
17 24 788.0
17 25 787.0
17 26 468.0
17 27 84.0
17 28 690.0
17 29 583.0
17 30 1021.0
17 31 552.0
17 32 154.0
17 33 441.0
17 34 732.0
17 35 943.0
17 36 432.0
17 37 770.0
17 38 1069.0
17 39 1005.0
17 40 880.0
17 41 846.0
17 42 1083.0
17 43 861.0
17 44 827.0
17 45 938.0
17 46 682.0
17 47 673.0
17 48 534.0
18 1 259.0
18 2 364.0
18 3 180.0
18 4 337.0
18 5 555.0
18 6 272.0
18 7 175.0
18 8 338.0
18 9 466.0
18 10 403.0
18 11 264.0
18 12 469.0
18 13 232.0
18 14 549.0
18 15 265.0
18 16 249.0
18 17 656.0
18 19 276.0
18 20 481.0
18 21 495.0
18 22 352.0
18 23 95.0
18 24 352.0
18 25 143.0
18 26 193.0
18 27 588.0
18 28 126.0
18 29 189.0
18 30 377.0
18 31 395.0
18 32 551.0
18 33 427.0
18 34 88.0
18 35 395.0
18 36 326.0
18 37 222.0
18 38 425.0
18 39 457.0
18 40 332.0
18 41 202.0
18 42 535.0
18 43 217.0
18 44 189.0
18 45 294.0
18 46 32.0
18 47 116.0
18 48 236.0
19 1 505.0
19 2 354.0
19 3 110.0
19 4 70.0
19 5 819.0
19 6 618.0
19 7 421.0
19 8 602.0
19 9 730.0
19 10 660.0
19 11 509.0
19 12 728.0
19 13 478.0
19 14 795.0
19 15 529.0
19 16 494.0
19 17 920.0
19 18 276.0
19 20 345.0
19 21 759.0
19 22 616.0
19 23 187.0
19 24 527.0
19 25 135.0
19 26 475.0
19 27 852.0
19 28 372.0
19 29 435.0
19 30 139.0
19 31 659.0
19 32 815.0
19 33 691.0
19 34 201.0
19 35 412.0
19 36 572.0
19 37 391.0
19 38 262.0
19 39 583.0
19 40 481.0
19 41 279.0
19 42 552.0
19 43 207.0
19 44 343.0
19 45 284.0
19 46 283.0
19 47 385.0
19 48 482.0
20 1 710.0
20 2 117.0
20 3 375.0
20 4 354.0
20 5 679.0
20 6 693.0
20 7 626.0
20 8 720.0
20 9 848.0
20 10 533.0
20 11 715.0
20 12 610.0
20 13 683.0
20 14 986.0
20 15 534.0
20 16 700.0
20 17 1038.0
20 18 481.0
20 19 345.0
20 21 877.0
20 22 734.0
20 23 392.0
20 24 404.0
20 25 346.0
20 26 577.0
20 27 970.0
20 28 577.0
20 29 640.0
20 30 209.0
20 31 544.0
20 32 933.0
20 33 646.0
20 34 406.0
20 35 95.0
20 36 777.0
20 37 254.0
20 38 103.0
20 39 279.0
20 40 215.0
20 41 490.0
20 42 188.0
20 43 279.0
20 44 554.0
20 45 193.0
20 46 488.0
20 47 322.0
20 48 687.0
21 1 488.0
21 2 784.0
21 3 663.0
21 4 820.0
21 5 289.0
21 6 262.0
21 7 459.0
21 8 196.0
21 9 119.0
21 10 488.0
21 11 343.0
21 12 502.0
21 13 427.0
21 14 255.0
21 15 423.0
21 16 385.0
21 17 161.0
21 18 495.0
21 19 759.0
21 20 877.0
21 22 154.0
21 23 578.0
21 24 627.0
21 25 626.0
21 26 307.0
21 27 93.0
21 28 529.0
21 29 422.0
21 30 860.0
21 31 391.0
21 32 65.0
21 33 280.0
21 34 571.0
21 35 782.0
21 36 271.0
21 37 609.0
21 38 908.0
21 39 844.0
21 40 719.0
21 41 685.0
21 42 922.0
21 43 700.0
21 44 666.0
21 45 777.0
21 46 521.0
21 47 512.0
21 48 373.0
22 1 353.0
22 2 641.0
22 3 520.0
22 4 677.0
22 5 282.0
22 6 110.0
22 7 324.0
22 8 61.0
22 9 125.0
22 10 353.0
22 11 208.0
22 12 364.0
22 13 292.0
22 14 261.0
22 15 288.0
22 16 250.0
22 17 315.0
22 18 352.0
22 19 616.0
22 20 734.0
22 21 154.0
22 23 435.0
22 24 484.0
22 25 483.0
22 26 164.0
22 27 247.0
22 28 396.0
22 29 287.0
22 30 717.0
22 31 256.0
22 32 210.0
22 33 145.0
22 34 428.0
22 35 639.0
22 36 184.0
22 37 466.0
22 38 765.0
22 39 701.0
22 40 576.0
22 41 542.0
22 42 779.0
22 43 557.0
22 44 531.0
22 45 634.0
22 46 378.0
22 47 369.0
22 48 238.0
23 1 324.0
23 2 275.0
23 3 91.0
23 4 248.0
23 5 638.0
23 6 437.0
23 7 240.0
23 8 421.0
23 9 549.0
23 10 486.0
23 11 329.0
23 12 552.0
23 13 297.0
23 14 614.0
23 15 348.0
23 16 314.0
23 17 739.0
23 18 95.0
23 19 187.0
23 20 392.0
23 21 578.0
23 22 435.0
23 24 385.0
23 25 54.0
23 26 276.0
23 27 671.0
23 28 191.0
23 29 254.0
23 30 288.0
23 31 478.0
23 32 634.0
23 33 509.0
23 34 21.0
23 35 333.0
23 36 391.0
23 37 255.0
23 38 336.0
23 39 490.0
23 40 365.0
23 41 157.0
23 42 473.0
23 43 128.0
23 44 221.0
23 45 205.0
23 46 103.0
23 47 149.0
23 48 301.0
24 1 605.0
24 2 287.0
24 3 431.0
24 4 588.0
24 5 313.0
24 6 445.0
24 7 520.0
24 8 470.0
24 9 598.0
24 10 143.0
24 11 610.0
24 12 215.0
24 13 577.0
24 14 734.0
24 15 144.0
24 16 595.0
24 17 788.0
24 18 352.0
24 19 527.0
24 20 404.0
24 21 627.0
24 22 484.0
24 23 385.0
24 25 377.0
24 26 326.0
24 27 720.0
24 28 471.0
24 29 534.0
24 30 416.0
24 31 154.0
24 32 683.0
24 33 249.0
24 34 407.0
24 35 285.0
24 36 492.0
24 37 138.0
24 38 428.0
24 39 310.0
24 40 200.0
24 41 525.0
24 42 425.0
24 43 325.0
24 44 589.0
24 45 297.0
24 46 384.0
24 47 238.0
24 48 581.0
25 1 372.0
25 2 229.0
25 3 39.0
25 4 196.0
25 5 686.0
25 6 485.0
25 7 288.0
25 8 469.0
25 9 597.0
25 10 511.0
25 11 397.0
25 12 578.0
25 13 345.0
25 14 662.0
25 15 396.0
25 16 361.0
25 17 787.0
25 18 143.0
25 19 135.0
25 20 346.0
25 21 626.0
25 22 483.0
25 23 54.0
25 24 377.0
25 26 324.0
25 27 719.0
25 28 239.0
25 29 302.0
25 30 242.0
25 31 526.0
25 32 682.0
25 33 558.0
25 34 68.0
25 35 287.0
25 36 439.0
25 37 241.0
25 38 290.0
25 39 458.0
25 40 356.0
25 41 144.0
25 42 427.0
25 43 82.0
25 44 208.0
25 45 159.0
25 46 150.0
25 47 230.0
25 48 349.0
26 1 330.0
26 2 484.0
26 3 361.0
26 4 518.0
26 5 378.0
26 6 119.0
26 7 260.0
26 8 150.0
26 9 278.0
26 10 323.0
26 11 174.0
26 12 389.0
26 13 276.0
26 14 414.0
26 15 185.0
26 16 207.0
26 17 468.0
26 18 193.0
26 19 475.0
26 20 577.0
26 21 307.0
26 22 164.0
26 23 276.0
26 24 326.0
26 25 324.0
26 27 400.0
26 28 250.0
26 29 249.0
26 30 558.0
26 31 318.0
26 32 363.0
26 33 239.0
26 34 269.0
26 35 482.0
26 36 166.0
26 37 309.0
26 38 606.0
26 39 544.0
26 40 419.0
26 41 383.0
26 42 622.0
26 43 398.0
26 44 372.0
26 45 475.0
26 46 219.0
26 47 209.0
26 48 222.0
27 1 581.0
27 2 877.0
27 3 756.0
27 4 913.0
27 5 370.0
27 6 355.0
27 7 552.0
27 8 289.0
27 9 212.0
27 10 581.0
27 11 436.0
27 12 571.0
27 13 520.0
27 14 348.0
27 15 516.0
27 16 478.0
27 17 84.0
27 18 588.0
27 19 852.0
27 20 970.0
27 21 93.0
27 22 247.0
27 23 671.0
27 24 720.0
27 25 719.0
27 26 400.0
27 28 622.0
27 29 515.0
27 30 953.0
27 31 484.0
27 32 77.0
27 33 373.0
27 34 664.0
27 35 875.0
27 36 364.0
27 37 702.0
27 38 1001.0
27 39 937.0
27 40 812.0
27 41 778.0
27 42 1015.0
27 43 793.0
27 44 759.0
27 45 870.0
27 46 614.0
27 47 605.0
27 48 466.0
28 1 154.0
28 2 460.0
28 3 276.0
28 4 433.0
28 5 612.0
28 6 298.0
28 7 63.0
28 8 453.0
28 9 419.0
28 10 460.0
28 11 190.0
28 12 526.0
28 13 158.0
28 14 475.0
28 15 322.0
28 16 175.0
28 17 690.0
28 18 126.0
28 19 372.0
28 20 577.0
28 21 529.0
28 22 396.0
28 23 191.0
28 24 471.0
28 25 239.0
28 26 250.0
28 27 622.0
28 29 115.0
28 30 473.0
28 31 452.0
28 32 585.0
28 33 538.0
28 34 184.0
28 35 515.0
28 36 252.0
28 37 342.0
28 38 521.0
28 39 577.0
28 40 452.0
28 41 174.0
28 42 655.0
28 43 313.0
28 44 137.0
28 45 390.0
28 46 94.0
28 47 237.0
28 48 162.0
29 1 70.0
29 2 523.0
29 3 339.0
29 4 496.0
29 5 569.0
29 6 191.0
29 7 27.0
29 8 346.0
29 9 312.0
29 10 516.0
29 11 83.0
29 12 589.0
29 13 47.0
29 14 368.0
29 15 385.0
29 16 68.0
29 17 583.0
29 18 189.0
29 19 435.0
29 20 640.0
29 21 422.0
29 22 287.0
29 23 254.0
29 24 534.0
29 25 302.0
29 26 249.0
29 27 515.0
29 28 115.0
29 30 536.0
29 31 515.0
29 32 479.0
29 33 430.0
29 34 247.0
29 35 578.0
29 36 145.0
29 37 405.0
29 38 584.0
29 39 640.0
29 40 515.0
29 41 289.0
29 42 718.0
29 43 376.0
29 44 177.0
29 45 453.0
29 46 165.0
29 47 300.0
29 48 55.0
30 1 606.0
30 2 183.0
30 3 216.0
30 4 147.0
30 5 715.0
30 6 719.0
30 7 522.0
30 8 703.0
30 9 831.0
30 10 549.0
30 11 611.0
30 12 615.0
30 13 579.0
30 14 896.0
30 15 546.0
30 16 596.0
30 17 1021.0
30 18 377.0
30 19 139.0
30 20 209.0
30 21 860.0
30 22 717.0
30 23 288.0
30 24 416.0
30 25 242.0
30 26 558.0
30 27 953.0
30 28 473.0
30 29 536.0
30 31 556.0
30 32 916.0
30 33 654.0
30 34 302.0
30 35 209.0
30 36 673.0
30 37 287.0
30 38 122.0
30 39 393.0
30 40 318.0
30 41 386.0
30 42 343.0
30 43 175.0
30 44 450.0
30 45 119.0
30 46 384.0
30 47 352.0
30 48 583.0
31 1 585.0
31 2 427.0
31 3 563.0
31 4 720.0
31 5 179.0
31 6 437.0
31 7 501.0
31 8 196.0
31 9 362.0
31 10 80.0
31 11 532.0
31 12 108.0
31 13 558.0
31 14 498.0
31 15 163.0
31 16 567.0
31 17 552.0
31 18 395.0
31 19 659.0
31 20 544.0
31 21 391.0
31 22 256.0
31 23 478.0
31 24 154.0
31 25 526.0
31 26 318.0
31 27 484.0
31 28 452.0
31 29 515.0
31 30 556.0
31 32 399.0
31 33 128.0
31 34 471.0
31 35 425.0
31 36 438.0
31 37 278.0
31 38 568.0
31 39 450.0
31 40 340.0
31 41 585.0
31 42 565.0
31 43 465.0
31 44 589.0
31 45 437.0
31 46 421.0
31 47 378.0
31 48 562.0
32 1 544.0
32 2 840.0
32 3 719.0
32 4 876.0
32 5 311.0
32 6 318.0
32 7 515.0
32 8 252.0
32 9 175.0
32 10 508.0
32 11 399.0
32 12 494.0
32 13 483.0
32 14 311.0
32 15 479.0
32 16 441.0
32 17 154.0
32 18 551.0
32 19 815.0
32 20 933.0
32 21 65.0
32 22 210.0
32 23 634.0
32 24 683.0
32 25 682.0
32 26 363.0
32 27 77.0
32 28 585.0
32 29 479.0
32 30 916.0
32 31 399.0
32 33 336.0
32 34 627.0
32 35 838.0
32 36 327.0
32 37 665.0
32 38 964.0
32 39 900.0
32 40 775.0
32 41 741.0
32 42 978.0
32 43 756.0
32 44 722.0
32 45 833.0
32 46 577.0
32 47 568.0
32 48 429.0
33 1 496.0
33 2 525.0
33 3 595.0
33 4 751.0
33 5 147.0
33 6 253.0
33 7 468.0
33 8 85.0
33 9 251.0
33 10 208.0
33 11 351.0
33 12 236.0
33 13 435.0
33 14 387.0
33 15 162.0
33 16 393.0
33 17 441.0
33 18 427.0
33 19 691.0
33 20 646.0
33 21 280.0
33 22 145.0
33 23 509.0
33 24 249.0
33 25 558.0
33 26 239.0
33 27 373.0
33 28 538.0
33 29 430.0
33 30 654.0
33 31 128.0
33 32 336.0
33 34 503.0
33 35 523.0
33 36 327.0
33 37 376.0
33 38 666.0
33 39 548.0
33 40 438.0
33 41 618.0
33 42 663.0
33 43 563.0
33 44 675.0
33 45 535.0
33 46 454.0
33 47 445.0
33 48 381.0
34 1 317.0
34 2 289.0
34 3 105.0
34 4 262.0
34 5 631.0
34 6 430.0
34 7 233.0
34 8 414.0
34 9 542.0
34 10 479.0
34 11 332.0
34 12 545.0
34 13 290.0
34 14 607.0
34 15 341.0
34 16 307.0
34 17 732.0
34 18 88.0
34 19 201.0
34 20 406.0
34 21 571.0
34 22 428.0
34 23 21.0
34 24 407.0
34 25 68.0
34 26 269.0
34 27 664.0
34 28 184.0
34 29 247.0
34 30 302.0
34 31 471.0
34 32 627.0
34 33 503.0
34 35 347.0
34 36 384.0
34 37 277.0
34 38 350.0
34 39 512.0
34 40 387.0
34 41 132.0
34 42 487.0
34 43 142.0
34 44 196.0
34 45 219.0
34 46 92.0
34 47 172.0
34 48 294.0
35 1 648.0
35 2 68.0
35 3 316.0
35 4 362.0
35 5 584.0
35 6 598.0
35 7 564.0
35 8 625.0
35 9 753.0
35 10 418.0
35 11 653.0
35 12 484.0
35 13 621.0
35 14 891.0
35 15 415.0
35 16 638.0
35 17 943.0
35 18 395.0
35 19 412.0
35 20 95.0
35 21 782.0
35 22 639.0
35 23 333.0
35 24 285.0
35 25 287.0
35 26 482.0
35 27 875.0
35 28 515.0
35 29 578.0
35 30 209.0
35 31 425.0
35 32 838.0
35 33 523.0
35 34 347.0
35 36 715.0
35 37 167.0
35 38 169.0
35 39 179.0
35 40 120.0
35 41 431.0
35 42 138.0
35 43 220.0
35 44 495.0
35 45 139.0
35 46 429.0
35 47 281.0
35 48 625.0
36 1 211.0
36 2 660.0
36 3 476.0
36 4 633.0
36 5 466.0
36 6 74.0
36 7 182.0
36 8 243.0
36 9 171.0
36 10 489.0
36 11 66.0
36 12 555.0
36 13 150.0
36 14 227.0
36 15 351.0
36 16 108.0
36 17 432.0
36 18 326.0
36 19 572.0
36 20 777.0
36 21 271.0
36 22 184.0
36 23 391.0
36 24 492.0
36 25 439.0
36 26 166.0
36 27 364.0
36 28 252.0
36 29 145.0
36 30 673.0
36 31 438.0
36 32 327.0
36 33 327.0
36 34 384.0
36 35 715.0
36 37 542.0
36 38 721.0
36 39 777.0
36 40 652.0
36 41 426.0
36 42 855.0
36 43 513.0
36 44 389.0
36 45 590.0
36 46 302.0
36 47 436.0
36 48 96.0
37 1 475.0
37 2 137.0
37 3 295.0
37 4 452.0
37 5 437.0
37 6 428.0
37 7 391.0
37 8 452.0
37 9 580.0
37 10 271.0
37 11 480.0
37 12 337.0
37 13 448.0
37 14 718.0
37 15 268.0
37 16 465.0
37 17 770.0
37 18 222.0
37 19 391.0
37 20 254.0
37 21 609.0
37 22 466.0
37 23 255.0
37 24 138.0
37 25 241.0
37 26 309.0
37 27 702.0
37 28 342.0
37 29 405.0
37 30 287.0
37 31 278.0
37 32 665.0
37 33 376.0
37 34 277.0
37 35 167.0
37 36 542.0
37 38 299.0
37 39 229.0
37 40 104.0
37 41 395.0
37 42 307.0
37 43 187.0
37 44 459.0
37 45 168.0
37 46 254.0
37 47 108.0
37 48 452.0
38 1 654.0
38 2 151.0
38 3 319.0
38 4 266.0
38 5 755.0
38 6 767.0
38 7 570.0
38 8 751.0
38 9 879.0
38 10 561.0
38 11 659.0
38 12 627.0
38 13 627.0
38 14 944.0
38 15 558.0
38 16 644.0
38 17 1069.0
38 18 425.0
38 19 262.0
38 20 103.0
38 21 908.0
38 22 765.0
38 23 336.0
38 24 428.0
38 25 290.0
38 26 606.0
38 27 1001.0
38 28 521.0
38 29 584.0
38 30 122.0
38 31 568.0
38 32 964.0
38 33 666.0
38 34 350.0
38 35 169.0
38 36 721.0
38 37 299.0
38 39 353.0
38 40 289.0
38 41 434.0
38 42 284.0
38 43 223.0
38 44 498.0
38 45 131.0
38 46 432.0
38 47 332.0
38 48 631.0
39 1 710.0
39 2 239.0
39 3 487.0
39 4 546.0
39 5 616.0
39 6 660.0
39 7 626.0
39 8 687.0
39 9 815.0
39 10 443.0
39 11 715.0
39 12 509.0
39 13 683.0
39 14 953.0
39 15 440.0
39 16 700.0
39 17 1005.0
39 18 457.0
39 19 583.0
39 20 279.0
39 21 844.0
39 22 701.0
39 23 490.0
39 24 310.0
39 25 458.0
39 26 544.0
39 27 937.0
39 28 577.0
39 29 640.0
39 30 393.0
39 31 450.0
39 32 900.0
39 33 548.0
39 34 512.0
39 35 179.0
39 36 777.0
39 37 229.0
39 38 353.0
39 40 121.0
39 41 630.0
39 42 138.0
39 43 391.0
39 44 694.0
39 45 310.0
39 46 489.0
39 47 343.0
39 48 687.0
40 1 585.0
40 2 135.0
40 3 385.0
40 4 458.0
40 5 499.0
40 6 535.0
40 7 501.0
40 8 562.0
40 9 690.0
40 10 333.0
40 11 590.0
40 12 399.0
40 13 558.0
40 14 828.0
40 15 330.0
40 16 575.0
40 17 880.0
40 18 332.0
40 19 481.0
40 20 215.0
40 21 719.0
40 22 576.0
40 23 365.0
40 24 200.0
40 25 356.0
40 26 419.0
40 27 812.0
40 28 452.0
40 29 515.0
40 30 318.0
40 31 340.0
40 32 775.0
40 33 438.0
40 34 387.0
40 35 120.0
40 36 652.0
40 37 104.0
40 38 289.0
40 39 121.0
40 41 505.0
40 42 235.0
40 43 289.0
40 44 569.0
40 45 208.0
40 46 364.0
40 47 218.0
40 48 562.0
41 1 246.0
41 2 373.0
41 3 183.0
41 4 340.0
41 5 745.0
41 6 472.0
41 7 237.0
41 8 528.0
41 9 656.0
41 10 593.0
41 11 364.0
41 12 659.0
41 13 332.0
41 14 649.0
41 15 455.0
41 16 349.0
41 17 846.0
41 18 202.0
41 19 279.0
41 20 490.0
41 21 685.0
41 22 542.0
41 23 157.0
41 24 525.0
41 25 144.0
41 26 383.0
41 27 778.0
41 28 174.0
41 29 289.0
41 30 386.0
41 31 585.0
41 32 741.0
41 33 618.0
41 34 132.0
41 35 431.0
41 36 426.0
41 37 395.0
41 38 434.0
41 39 630.0
41 40 505.0
41 42 571.0
41 43 226.0
41 44 80.0
41 45 303.0
41 46 165.0
41 47 290.0
41 48 336.0
42 1 788.0
42 2 208.0
42 3 456.0
42 4 488.0
42 5 724.0
42 6 738.0
42 7 704.0
42 8 765.0
42 9 893.0
42 10 558.0
42 11 793.0
42 12 624.0
42 13 761.0
42 14 1031.0
42 15 555.0
42 16 778.0
42 17 1083.0
42 18 535.0
42 19 552.0
42 20 188.0
42 21 922.0
42 22 779.0
42 23 473.0
42 24 425.0
42 25 427.0
42 26 622.0
42 27 1015.0
42 28 655.0
42 29 718.0
42 30 343.0
42 31 565.0
42 32 978.0
42 33 663.0
42 34 487.0
42 35 138.0
42 36 855.0
42 37 307.0
42 38 284.0
42 39 138.0
42 40 235.0
42 41 571.0
42 43 360.0
42 44 635.0
42 45 279.0
42 46 569.0
42 47 421.0
42 48 765.0
43 1 446.0
43 2 162.0
43 3 111.0
43 4 268.0
43 5 624.0
43 6 559.0
43 7 362.0
43 8 543.0
43 9 671.0
43 10 458.0
43 11 451.0
43 12 524.0
43 13 419.0
43 14 736.0
43 15 455.0
43 16 436.0
43 17 861.0
43 18 217.0
43 19 207.0
43 20 279.0
43 21 700.0
43 22 557.0
43 23 128.0
43 24 325.0
43 25 82.0
43 26 398.0
43 27 793.0
43 28 313.0
43 29 376.0
43 30 175.0
43 31 465.0
43 32 756.0
43 33 563.0
43 34 142.0
43 35 220.0
43 36 513.0
43 37 187.0
43 38 223.0
43 39 391.0
43 40 289.0
43 41 226.0
43 42 360.0
43 44 290.0
43 45 92.0
43 46 224.0
43 47 164.0
43 48 423.0
44 1 166.0
44 2 437.0
44 3 247.0
44 4 404.0
44 5 749.0
44 6 435.0
44 7 150.0
44 8 590.0
44 9 556.0
44 10 597.0
44 11 402.0
44 12 663.0
44 13 295.0
44 14 612.0
44 15 459.0
44 16 387.0
44 17 827.0
44 18 189.0
44 19 343.0
44 20 554.0
44 21 666.0
44 22 531.0
44 23 221.0
44 24 589.0
44 25 208.0
44 26 372.0
44 27 759.0
44 28 137.0
44 29 177.0
44 30 450.0
44 31 589.0
44 32 722.0
44 33 675.0
44 34 196.0
44 35 495.0
44 36 389.0
44 37 459.0
44 38 498.0
44 39 694.0
44 40 569.0
44 41 80.0
44 42 635.0
44 43 290.0
44 45 367.0
44 46 154.0
44 47 354.0
44 48 299.0
45 1 523.0
45 2 81.0
45 3 188.0
45 4 255.0
45 5 596.0
45 6 636.0
45 7 439.0
45 8 620.0
45 9 648.0
45 10 430.0
45 11 528.0
45 12 496.0
45 13 496.0
45 14 813.0
45 15 427.0
45 16 513.0
45 17 938.0
45 18 294.0
45 19 284.0
45 20 193.0
45 21 777.0
45 22 634.0
45 23 205.0
45 24 297.0
45 25 159.0
45 26 475.0
45 27 870.0
45 28 390.0
45 29 453.0
45 30 119.0
45 31 437.0
45 32 833.0
45 33 535.0
45 34 219.0
45 35 139.0
45 36 590.0
45 37 168.0
45 38 131.0
45 39 310.0
45 40 208.0
45 41 303.0
45 42 279.0
45 43 92.0
45 44 367.0
45 46 301.0
45 47 201.0
45 48 500.0
46 1 235.0
46 2 371.0
46 3 187.0
46 4 344.0
46 5 581.0
46 6 348.0
46 7 151.0
46 8 364.0
46 9 469.0
46 10 429.0
46 11 240.0
46 12 495.0
46 13 208.0
46 14 525.0
46 15 291.0
46 16 225.0
46 17 682.0
46 18 32.0
46 19 283.0
46 20 488.0
46 21 521.0
46 22 378.0
46 23 103.0
46 24 384.0
46 25 150.0
46 26 219.0
46 27 614.0
46 28 94.0
46 29 165.0
46 30 384.0
46 31 421.0
46 32 577.0
46 33 454.0
46 34 92.0
46 35 429.0
46 36 302.0
46 37 254.0
46 38 432.0
46 39 489.0
46 40 364.0
46 41 165.0
46 42 569.0
46 43 224.0
46 44 154.0
46 45 301.0
46 47 149.0
46 48 212.0
47 1 369.0
47 2 205.0
47 3 289.0
47 4 446.0
47 5 537.0
47 6 328.0
47 7 286.0
47 8 355.0
47 9 483.0
47 10 371.0
47 11 375.0
47 12 437.0
47 13 343.0
47 14 554.0
47 15 269.0
47 16 360.0
47 17 673.0
47 18 116.0
47 19 385.0
47 20 322.0
47 21 512.0
47 22 369.0
47 23 149.0
47 24 238.0
47 25 230.0
47 26 209.0
47 27 605.0
47 28 237.0
47 29 300.0
47 30 352.0
47 31 378.0
47 32 568.0
47 33 445.0
47 34 172.0
47 35 281.0
47 36 436.0
47 37 108.0
47 38 332.0
47 39 343.0
47 40 218.0
47 41 290.0
47 42 421.0
47 43 164.0
47 44 354.0
47 45 201.0
47 46 149.0
47 48 347.0
48 1 121.0
48 2 570.0
48 3 386.0
48 4 543.0
48 5 518.0
48 6 142.0
48 7 84.0
48 8 297.0
48 9 263.0
48 10 570.0
48 11 35.0
48 12 636.0
48 13 29.0
48 14 319.0
48 15 432.0
48 16 36.0
48 17 534.0
48 18 236.0
48 19 482.0
48 20 687.0
48 21 373.0
48 22 238.0
48 23 301.0
48 24 581.0
48 25 349.0
48 26 222.0
48 27 466.0
48 28 162.0
48 29 55.0
48 30 583.0
48 31 562.0
48 32 429.0
48 33 381.0
48 34 294.0
48 35 625.0
48 36 96.0
48 37 452.0
48 38 631.0
48 39 687.0
48 40 562.0
48 41 336.0
48 42 765.0
48 43 423.0
48 44 299.0
48 45 500.0
48 46 212.0
48 47 347.0
