1 2 1690.0
1 3 2083.0
1 4 2440.0
1 5 2632.0
1 6 2709.0
1 7 2834.0
1 8 2922.0
1 9 3243.0
1 10 3583.0
1 11 3177.0
1 12 3825.0
1 13 4127.0
1 14 4075.0
1 15 4207.0
1 16 4803.0
1 17 5706.0
1 18 5934.0
1 19 5948.0
1 20 5823.0
1 21 5969.0
1 22 6448.0
1 23 6002.0
1 24 5793.0
1 25 5264.0
1 26 6681.0
1 27 6803.0
1 28 7208.0
1 29 882.0
1 30 656.0
1 31 759.0
1 32 925.0
1 33 2205.0
1 34 1697.0
1 35 1624.0
1 36 1224.0
1 37 1328.0
1 38 1691.0
1 39 2386.0
1 40 2565.0
1 41 2754.0
1 42 2875.0
1 43 3006.0
1 44 2396.0
1 45 2770.0
1 46 3479.0
1 47 3984.0
1 48 4182.0
1 49 3088.0
1 50 3512.0
1 51 3703.0
1 52 3753.0
1 53 4032.0
1 54 4758.0
1 55 3971.0
1 56 4783.0
1 57 4786.0
1 58 4885.0
1 59 5573.0
1 60 5592.0
1 61 6175.0
1 62 6193.0
1 63 6361.0
1 64 6881.0
1 65 7688.0
1 66 7278.0
1 67 7304.0
1 68 7338.0
1 69 4840.0
1 70 5314.0
1 71 6353.0
1 72 6483.0
1 73 6624.0
1 74 6911.0
1 75 7010.0
1 76 7286.0
1 77 7469.0
1 78 7590.0
1 79 3956.0
1 80 5922.0
1 81 5914.0
1 82 6084.0
1 83 6237.0
1 84 6950.0
1 85 7200.0
1 86 7217.0
1 87 7250.0
1 88 7680.0
1 89 7636.0
1 90 7533.0
1 91 7018.0
1 92 8461.0
1 93 8646.0
1 94 8575.0
1 95 9682.0
1 96 8972.0
2 1 1690.0
2 3 525.0
2 4 816.0
2 5 969.0
2 6 1049.0
2 7 1198.0
2 8 1250.0
2 9 1624.0
2 10 1980.0
2 11 2174.0
2 12 2262.0
2 13 2581.0
2 14 2585.0
2 15 2785.0
2 16 3430.0
2 17 4366.0
2 18 4592.0
2 19 4638.0
2 20 4513.0
2 21 4818.0
2 22 5401.0
2 23 5110.0
2 24 5000.0
2 25 4509.0
2 26 5744.0
2 27 6050.0
2 28 6339.0
2 29 1115.0
2 30 1511.0
2 31 1635.0
2 32 1810.0
2 33 1791.0
2 34 1884.0
2 35 2073.0
2 36 2077.0
2 37 2194.0
2 38 2476.0
2 39 2807.0
2 40 2794.0
2 41 2980.0
2 42 3010.0
2 43 3066.0
2 44 2270.0
2 45 2436.0
2 46 3065.0
2 47 3479.0
2 48 3630.0
2 49 3121.0
2 50 3408.0
2 51 3889.0
2 52 3731.0
2 53 3926.0
2 54 4462.0
2 55 4067.0
2 56 4879.0
2 57 4883.0
2 58 4756.0
2 59 5550.0
2 60 5303.0
2 61 5936.0
2 62 5897.0
2 63 5955.0
2 64 6458.0
2 65 7060.0
2 66 6894.0
2 67 6988.0
2 68 7038.0
2 69 5135.0
2 70 5654.0
2 71 6397.0
2 72 6545.0
2 73 6755.0
2 74 7160.0
2 75 7154.0
2 76 7304.0
2 77 7597.0
2 78 7911.0
2 79 5015.0
2 80 7282.0
2 81 6532.0
2 82 6634.0
2 83 6915.0
2 84 7364.0
2 85 7595.0
2 86 7626.0
2 87 7761.0
2 88 8123.0
2 89 8198.0
2 90 8153.0
2 91 7768.0
2 92 8542.0
2 93 8558.0
2 94 8286.0
2 95 9502.0
2 96 8405.0
3 1 2083.0
3 2 525.0
3 4 847.0
3 5 876.0
3 6 948.0
3 7 1123.0
3 8 1085.0
3 9 1528.0
3 10 1880.0
3 11 2450.0
3 12 2192.0
3 13 2513.0
3 14 2566.0
3 15 2807.0
3 16 3459.0
3 17 4389.0
3 18 4608.0
3 19 4671.0
3 20 4549.0
3 21 4925.0
3 22 5541.0
3 23 5315.0
3 24 5242.0
3 25 4773.0
3 26 5921.0
3 27 6285.0
3 28 6530.0
3 29 1621.0
3 30 2001.0
3 31 2134.0
3 32 2318.0
3 33 2252.0
3 34 2403.0
3 35 2597.0
3 36 2595.0
3 37 2713.0
3 38 3000.0
3 39 3322.0
3 40 3296.0
3 41 3478.0
3 42 3498.0
3 43 3545.0
3 44 2749.0
3 45 2875.0
3 46 3463.0
3 47 3842.0
3 48 3977.0
3 49 3594.0
3 50 3854.0
3 51 4368.0
3 52 4183.0
3 53 4360.0
3 54 4848.0
3 55 4530.0
3 56 5331.0
3 57 5335.0
3 58 5171.0
3 59 5974.0
3 60 5676.0
3 61 6310.0
3 62 6259.0
3 63 6290.0
3 64 6781.0
3 65 7318.0
3 66 7222.0
3 67 7330.0
3 68 7384.0
3 69 5613.0
3 70 6132.0
3 71 6822.0
3 72 6972.0
3 73 7193.0
3 74 7613.0
3 75 7590.0
3 76 7716.0
3 77 8026.0
3 78 8370.0
3 79 5539.0
3 80 7794.0
3 81 7035.0
3 82 7130.0
3 83 7421.0
3 84 7839.0
3 85 8067.0
3 86 8100.0
3 87 8247.0
3 88 8598.0
3 89 8688.0
3 90 8650.0
3 91 8278.0
3 92 8955.0
3 93 8935.0
3 94 8620.0
3 95 9850.0
3 96 8664.0
4 1 2440.0
4 2 816.0
4 3 847.0
4 5 228.0
4 6 289.0
4 7 395.0
4 8 509.0
4 9 814.0
4 10 1167.0
4 11 1648.0
4 12 1447.0
4 13 1767.0
4 14 1780.0
4 15 1996.0
4 16 2647.0
4 17 3583.0
4 18 3806.0
4 19 3860.0
4 20 3736.0
4 21 4087.0
4 22 4698.0
4 23 4471.0
4 24 4405.0
4 25 3945.0
4 26 5075.0
4 27 5444.0
4 28 5684.0
4 29 1706.0
4 30 2119.0
4 31 2207.0
4 32 2336.0
4 33 1730.0
4 34 2114.0
4 35 2370.0
4 36 2532.0
4 37 2633.0
4 38 2836.0
4 39 2959.0
4 40 2857.0
4 41 3015.0
4 42 2997.0
4 43 3010.0
4 44 2246.0
4 45 2267.0
4 46 2765.0
4 47 3093.0
4 48 3210.0
4 49 3045.0
4 50 3232.0
4 51 3815.0
4 52 3567.0
4 53 3705.0
4 54 4114.0
4 55 3935.0
4 56 4698.0
4 57 4702.0
4 58 4473.0
4 59 5281.0
4 60 4920.0
4 61 5552.0
4 62 5489.0
4 63 5497.0
4 64 5978.0
4 65 6482.0
4 66 6420.0
4 67 6539.0
4 68 6596.0
4 69 5038.0
4 70 5554.0
4 71 6127.0
4 72 6279.0
4 73 6515.0
4 74 6963.0
4 75 6907.0
4 76 6996.0
4 77 7330.0
4 78 7727.0
4 79 5303.0
4 80 7683.0
4 81 6537.0
4 82 6601.0
4 83 6938.0
4 84 7240.0
4 85 7456.0
4 86 7493.0
4 87 7675.0
4 88 7993.0
4 89 8125.0
4 90 8112.0
4 91 7804.0
4 92 8230.0
4 93 8170.0
4 94 7819.0
4 95 9055.0
4 96 7828.0
5 1 2632.0
5 2 969.0
5 3 876.0
5 4 228.0
5 6 81.0
5 7 249.0
5 8 293.0
5 9 670.0
5 10 1028.0
5 11 1749.0
5 12 1329.0
5 13 1651.0
5 14 1692.0
5 15 1932.0
5 16 2583.0
5 17 3514.0
5 18 3733.0
5 19 3796.0
5 20 3673.0
5 21 4059.0
5 22 4685.0
5 23 4492.0
5 24 4446.0
5 25 4002.0
5 26 5078.0
5 27 5477.0
5 28 5693.0
5 29 1922.0
5 30 2335.0
5 31 2427.0
5 32 2560.0
5 33 1935.0
5 34 2339.0
5 35 2597.0
5 36 2760.0
5 37 2860.0
5 38 3063.0
5 39 3176.0
5 40 3066.0
5 41 3220.0
5 42 3196.0
5 43 3203.0
5 44 2449.0
5 45 2447.0
5 46 2912.0
5 47 3215.0
5 48 3321.0
5 49 3234.0
5 50 3402.0
5 51 4000.0
5 52 3737.0
5 53 3863.0
5 54 4240.0
5 55 4109.0
5 56 4859.0
5 57 4863.0
5 58 4612.0
5 59 5421.0
5 60 5032.0
5 61 5661.0
5 62 5591.0
5 63 5584.0
5 64 6056.0
5 65 6523.0
5 66 6498.0
5 67 6625.0
5 68 6683.0
5 69 5214.0
5 70 5728.0
5 71 6264.0
5 72 6416.0
5 73 6658.0
5 74 7115.0
5 75 7047.0
5 76 7120.0
5 77 7464.0
5 78 7879.0
5 79 5526.0
5 80 7910.0
5 81 6726.0
5 82 6784.0
5 83 7129.0
5 84 7406.0
5 85 7618.0
5 86 7656.0
5 87 7846.0
5 88 8155.0
5 89 8299.0
5 90 8291.0
5 91 7996.0
5 92 8350.0
5 93 8270.0
5 94 7896.0
5 95 9136.0
5 96 7864.0
6 1 2709.0
6 2 1049.0
6 3 948.0
6 4 289.0
6 5 81.0
6 7 176.0
6 8 221.0
6 9 591.0
6 10 949.0
6 11 1726.0
6 12 1252.0
6 13 1574.0
6 14 1619.0
6 15 1862.0
6 16 2513.0
6 17 3443.0
6 18 3661.0
6 19 3725.0
6 20 3602.0
6 21 3995.0
6 22 4624.0
6 23 4440.0
6 24 4399.0
6 25 3960.0
6 26 5021.0
6 27 5427.0
6 28 5637.0
6 29 1992.0
6 30 2405.0
6 31 2495.0
6 32 2624.0
6 33 1960.0
6 34 2384.0
6 35 2645.0
6 36 2819.0
6 37 2918.0
6 38 3114.0
6 39 3211.0
6 40 3093.0
6 41 3244.0
6 42 3216.0
6 43 3219.0
6 44 2472.0
6 45 2457.0
6 46 2906.0
6 47 3198.0
6 48 3299.0
6 49 3248.0
6 50 3406.0
6 51 4011.0
6 52 3741.0
6 53 3860.0
6 54 4222.0
6 55 4114.0
6 56 4857.0
6 57 4861.0
6 58 4601.0
6 59 5409.0
6 60 5009.0
6 61 5636.0
6 62 5564.0
6 63 5551.0
6 64 6020.0
6 65 6476.0
6 66 6462.0
6 67 6592.0
6 68 6651.0
6 69 5219.0
6 70 5732.0
6 71 6250.0
6 72 6402.0
6 73 6646.0
6 74 7107.0
6 75 7035.0
6 76 7101.0
6 77 7449.0
6 78 7872.0
6 79 5566.0
6 80 7958.0
6 81 6739.0
6 82 6793.0
6 83 7143.0
6 84 7405.0
6 85 7615.0
6 86 7654.0
6 87 7848.0
6 88 8153.0
6 89 8302.0
6 90 8297.0
6 91 8010.0
6 92 8329.0
6 93 8241.0
6 94 7859.0
6 95 9099.0
6 96 7815.0
7 1 2834.0
7 2 1198.0
7 3 1123.0
7 4 395.0
7 5 249.0
7 6 176.0
7 8 205.0
7 9 428.0
7 10 786.0
7 11 1606.0
7 12 1082.0
7 13 1404.0
7 14 1444.0
7 15 1687.0
7 16 2338.0
7 17 3267.0
7 18 3486.0
7 19 3550.0
7 20 3427.0
7 21 3822.0
7 22 4452.0
7 23 4275.0
7 24 4241.0
7 25 3808.0
7 26 4852.0
7 27 5265.0
7 28 5469.0
7 29 2089.0
7 30 2500.0
7 31 2582.0
7 32 2701.0
7 33 1938.0
7 34 2406.0
7 35 2676.0
7 36 2878.0
7 37 2973.0
7 38 3151.0
7 39 3204.0
7 40 3070.0
7 41 3214.0
7 42 3176.0
7 43 3170.0
7 44 2443.0
7 45 2399.0
7 46 2812.0
7 47 3083.0
7 48 3177.0
7 49 3195.0
7 50 3331.0
7 51 3950.0
7 52 3665.0
7 53 3772.0
7 54 4107.0
7 55 4041.0
7 56 4769.0
7 57 4774.0
7 58 4495.0
7 59 5302.0
7 60 4883.0
7 61 5508.0
7 62 5432.0
7 63 5411.0
7 64 5875.0
7 65 6316.0
7 66 6317.0
7 67 6451.0
7 68 6510.0
7 69 5146.0
7 70 5656.0
7 71 6140.0
7 72 6292.0
7 73 6540.0
7 74 7007.0
7 75 6926.0
7 76 6981.0
7 77 7336.0
7 78 7772.0
7 79 5571.0
7 80 7980.0
7 81 6679.0
7 82 6725.0
7 83 7085.0
7 84 7318.0
7 85 7524.0
7 86 7565.0
7 87 7767.0
7 88 8062.0
7 89 8221.0
7 90 8223.0
7 91 7952.0
7 92 8206.0
7 93 8105.0
7 94 7712.0
7 95 8953.0
7 96 7654.0
8 1 2922.0
8 2 1250.0
8 3 1085.0
8 4 509.0
8 5 293.0
8 6 221.0
8 7 205.0
8 9 455.0
8 10 797.0
8 11 1798.0
8 12 1114.0
8 13 1433.0
8 14 1505.0
8 15 1767.0
8 16 2412.0
8 17 3331.0
8 18 3545.0
8 19 3616.0
8 20 3495.0
8 21 3919.0
8 22 4559.0
8 23 4409.0
8 24 4388.0
8 25 3967.0
8 26 4972.0
8 27 5404.0
8 28 5591.0
8 29 2212.0
8 30 2626.0
8 31 2716.0
8 32 2844.0
8 33 2137.0
8 34 2588.0
8 35 2853.0
8 36 3036.0
8 37 3134.0
8 38 3325.0
8 39 3399.0
8 40 3270.0
8 41 3415.0
8 42 3379.0
8 43 3374.0
8 44 2644.0
8 45 2603.0
8 46 3013.0
8 47 3276.0
8 48 3365.0
8 49 3399.0
8 50 3535.0
8 51 4155.0
8 52 3869.0
8 53 3974.0
8 54 4299.0
8 55 4246.0
8 56 4971.0
8 57 4975.0
8 58 4691.0
8 59 5497.0
8 60 5068.0
8 61 5691.0
8 62 5611.0
8 63 5582.0
8 64 6041.0
8 65 6458.0
8 66 6482.0
8 67 6621.0
8 68 6681.0
8 69 5350.0
8 70 5859.0
8 71 6334.0
8 72 6486.0
8 73 6735.0
8 74 7205.0
8 75 7120.0
8 76 7169.0
8 77 7527.0
8 78 7970.0
8 79 5762.0
8 80 8163.0
8 81 6884.0
8 82 6930.0
8 83 7290.0
8 84 7520.0
8 85 7725.0
8 86 7765.0
8 87 7970.0
8 88 8262.0
8 89 8424.0
8 90 8426.0
8 91 8157.0
8 92 8391.0
8 93 8281.0
8 94 7875.0
8 95 9117.0
8 96 7792.0
9 1 3243.0
9 2 1624.0
9 3 1528.0
9 4 814.0
9 5 670.0
9 6 591.0
9 7 428.0
9 8 455.0
9 10 359.0
9 11 1545.0
9 12 664.0
9 13 986.0
9 14 1050.0
9 15 1315.0
9 16 1958.0
9 17 2876.0
9 18 3091.0
9 19 3161.0
9 20 3041.0
9 21 3471.0
9 22 4115.0
9 23 3987.0
9 24 3984.0
9 25 3583.0
9 26 4536.0
9 27 4987.0
9 28 5156.0
9 29 2470.0
9 30 2876.0
9 31 2947.0
9 32 3050.0
9 33 2122.0
9 34 2671.0
9 35 2951.0
9 36 3201.0
9 37 3287.0
9 38 3433.0
9 39 3402.0
9 40 3234.0
9 41 3359.0
9 42 3300.0
9 43 3273.0
9 44 2601.0
9 45 2488.0
9 46 2799.0
9 47 3002.0
9 48 3069.0
9 49 3286.0
9 50 3364.0
9 51 4014.0
9 52 3691.0
9 53 3763.0
9 54 4014.0
9 55 4072.0
9 56 4754.0
9 57 4759.0
9 58 4430.0
9 59 5227.0
9 60 4750.0
9 61 5363.0
9 62 5274.0
9 63 5223.0
9 64 5667.0
9 65 6044.0
9 66 6107.0
9 67 6255.0
9 68 6317.0
9 69 5168.0
9 70 5667.0
9 71 6051.0
9 72 6202.0
9 73 6461.0
9 74 6946.0
9 75 6838.0
9 76 6858.0
9 77 7232.0
9 78 7708.0
9 79 5776.0
9 80 8214.0
9 81 6729.0
9 82 6755.0
9 83 7139.0
9 84 7292.0
9 85 7487.0
9 86 7530.0
9 87 7755.0
9 88 8023.0
9 89 8211.0
9 90 8229.0
9 91 8003.0
9 92 8067.0
9 93 7926.0
9 94 7492.0
9 95 8734.0
9 96 7371.0
10 1 3583.0
10 2 1980.0
10 3 1880.0
10 4 1167.0
10 5 1028.0
10 6 949.0
10 7 786.0
10 8 797.0
10 9 359.0
10 11 1560.0
10 12 323.0
10 13 636.0
10 14 734.0
10 15 1022.0
10 16 1644.0
10 17 2546.0
10 18 2757.0
10 19 2833.0
10 20 2715.0
10 21 3176.0
10 22 3830.0
10 23 3745.0
10 24 3771.0
10 25 3400.0
10 26 4267.0
10 27 4750.0
10 28 4888.0
10 29 2791.0
10 30 3192.0
10 31 3253.0
10 32 3344.0
10 33 2308.0
10 34 2905.0
10 35 3191.0
10 36 3475.0
10 37 3554.0
10 38 3674.0
10 39 3577.0
10 40 3384.0
10 41 3493.0
10 42 3418.0
10 43 3374.0
10 44 2757.0
10 45 2592.0
10 46 2813.0
10 47 2955.0
10 48 2997.0
10 49 3378.0
10 50 3407.0
10 51 4076.0
10 52 3724.0
10 53 3766.0
10 54 3943.0
10 55 4106.0
10 56 4744.0
10 57 4748.0
10 58 4379.0
10 59 5162.0
10 60 4639.0
10 61 5239.0
10 62 5139.0
10 63 5062.0
10 64 5488.0
10 65 5809.0
10 66 5924.0
10 67 6083.0
10 68 6147.0
10 69 5185.0
10 70 5672.0
10 71 5970.0
10 72 6120.0
10 73 6387.0
10 74 6884.0
10 75 6755.0
10 76 6745.0
10 77 7133.0
10 78 7641.0
10 79 5943.0
10 80 8396.0
10 81 6762.0
10 82 6770.0
10 83 7174.0
10 84 7259.0
10 85 7443.0
10 86 7489.0
10 87 7731.0
10 88 7976.0
10 89 8188.0
10 90 8219.0
10 91 8030.0
10 92 7936.0
10 93 7762.0
10 94 7296.0
10 95 8535.0
10 96 7123.0
11 1 3177.0
11 2 2174.0
11 3 2450.0
11 4 1648.0
11 5 1749.0
11 6 1726.0
11 7 1606.0
11 8 1798.0
11 9 1545.0
11 10 1560.0
11 12 1500.0
11 13 1608.0
11 14 1410.0
11 15 1342.0
11 16 1762.0
11 17 2581.0
11 18 2805.0
11 19 2800.0
11 20 2679.0
11 21 2794.0
11 22 3307.0
11 23 2951.0
11 24 2827.0
11 25 2337.0
11 26 3603.0
11 27 3877.0
11 28 4183.0
11 29 2298.0
11 30 2582.0
11 31 2565.0
11 32 2553.0
11 33 1125.0
11 34 1831.0
11 35 2105.0
11 36 2535.0
11 37 2568.0
11 38 2546.0
11 39 2213.0
11 40 1962.0
11 41 2031.0
11 42 1926.0
11 43 1858.0
11 44 1392.0
11 45 1108.0
11 46 1258.0
11 47 1478.0
11 48 1573.0
11 49 1849.0
11 50 1847.0
11 51 2520.0
11 52 2165.0
11 53 2220.0
11 54 2501.0
11 55 2547.0
11 56 3210.0
11 57 3214.0
11 58 2897.0
11 59 3701.0
11 60 3284.0
11 61 3912.0
11 62 3844.0
11 63 3850.0
11 64 4335.0
11 65 4888.0
11 66 4776.0
11 67 4892.0
11 68 4948.0
11 69 3632.0
11 70 4126.0
11 71 4536.0
11 72 4688.0
11 73 4939.0
11 74 5413.0
11 75 5322.0
11 76 5376.0
11 77 5730.0
11 78 6178.0
11 79 4498.0
11 80 6961.0
11 81 5205.0
11 82 5219.0
11 83 5616.0
11 84 5749.0
11 85 5946.0
11 86 5988.0
11 87 6210.0
11 88 6483.0
11 89 6667.0
11 90 6685.0
11 91 6474.0
11 92 6604.0
11 93 6525.0
11 94 6175.0
11 95 7409.0
11 96 6235.0
12 1 3825.0
12 2 2262.0
12 3 2192.0
12 4 1447.0
12 5 1329.0
12 6 1252.0
12 7 1082.0
12 8 1114.0
12 9 664.0
12 10 323.0
12 11 1500.0
12 13 323.0
12 14 418.0
12 15 715.0
12 16 1324.0
12 17 2224.0
12 18 2435.0
12 19 2511.0
12 20 2393.0
12 21 2860.0
12 22 3517.0
12 23 3453.0
12 24 3495.0
12 25 3146.0
12 26 3960.0
12 27 4458.0
12 28 4581.0
12 29 3006.0
12 30 3397.0
12 31 3447.0
12 32 3522.0
12 33 2381.0
12 34 3019.0
12 35 3308.0
12 36 3627.0
12 37 3698.0
12 38 3788.0
12 39 3624.0
12 40 3409.0
12 41 3501.0
12 42 3411.0
12 43 3352.0
12 44 2794.0
12 45 2584.0
12 46 2720.0
12 47 2808.0
12 48 2829.0
12 49 3347.0
12 50 3332.0
12 51 4012.0
12 52 3638.0
12 53 3653.0
12 54 3768.0
12 55 4017.0
12 56 4613.0
12 57 4617.0
12 58 4217.0
12 59 4986.0
12 60 4430.0
12 61 5017.0
12 62 4910.0
12 63 4816.0
12 64 5228.0
12 65 5517.0
12 66 5661.0
12 67 5827.0
12 68 5892.0
12 69 5076.0
12 70 5551.0
12 71 5778.0
12 72 5927.0
12 73 6199.0
12 74 6704.0
12 75 6559.0
12 76 6528.0
12 77 6925.0
12 78 7456.0
12 79 5967.0
12 80 8430.0
12 81 6660.0
12 82 6653.0
12 83 7071.0
12 84 7100.0
12 85 7276.0
12 86 7323.0
12 87 7579.0
12 88 7805.0
12 89 8034.0
12 90 8076.0
12 91 7919.0
12 92 7705.0
12 93 7509.0
12 94 7024.0
12 95 8260.0
12 96 6823.0
13 1 4127.0
13 2 2581.0
13 3 2513.0
13 4 1767.0
13 5 1651.0
13 6 1574.0
13 7 1404.0
13 8 1433.0
13 9 986.0
13 10 636.0
13 11 1608.0
13 12 323.0
13 14 237.0
13 15 514.0
13 16 1046.0
13 17 1920.0
13 18 2126.0
13 19 2208.0
13 20 2092.0
13 21 2588.0
13 22 3252.0
13 23 3232.0
13 24 3301.0
13 25 2989.0
13 26 3708.0
13 27 4234.0
13 28 4328.0
13 29 3297.0
13 30 3681.0
13 31 3724.0
13 32 3789.0
13 33 2582.0
13 34 3244.0
13 35 3533.0
13 36 3876.0
13 37 3941.0
13 38 4009.0
13 39 3793.0
13 40 3560.0
13 41 3637.0
13 42 3534.0
13 43 3462.0
13 44 2961.0
13 45 2714.0
13 46 2766.0
13 47 2794.0
13 48 2791.0
13 49 3449.0
13 50 3391.0
13 51 4076.0
13 52 3683.0
13 53 3669.0
13 54 3712.0
13 55 4055.0
13 56 4603.0
13 57 4607.0
13 58 4174.0
13 59 4922.0
13 60 4328.0
13 61 4896.0
13 62 4780.0
13 63 4663.0
13 64 5054.0
13 65 5290.0
13 66 5481.0
13 67 5657.0
13 68 5723.0
13 69 5087.0
13 70 5546.0
13 71 5692.0
13 72 5839.0
13 73 6116.0
13 74 6629.0
13 75 6466.0
13 76 6408.0
13 77 6816.0
13 78 7372.0
13 79 6105.0
13 80 8569.0
13 81 6671.0
13 82 6649.0
13 83 7081.0
13 84 7049.0
13 85 7215.0
13 86 7264.0
13 87 7534.0
13 88 7737.0
13 89 7986.0
13 90 8041.0
13 91 7919.0
13 92 7563.0
13 93 7338.0
13 94 6827.0
13 95 8056.0
13 96 6581.0
14 1 4075.0
14 2 2585.0
14 3 2566.0
14 4 1780.0
14 5 1692.0
14 6 1619.0
14 7 1444.0
14 8 1505.0
14 9 1050.0
14 10 734.0
14 11 1410.0
14 12 418.0
14 13 237.0
14 15 303.0
14 16 912.0
14 17 1827.0
14 18 2043.0
14 19 2112.0
14 20 1991.0
14 21 2443.0
14 22 3100.0
14 23 3044.0
14 24 3097.0
14 25 2770.0
14 26 3543.0
14 27 4048.0
14 28 4164.0
14 29 3227.0
14 30 3600.0
14 31 3633.0
14 32 3685.0
14 33 2426.0
14 34 3103.0
14 35 3392.0
14 36 3754.0
14 37 3813.0
14 38 3862.0
14 39 3612.0
14 40 3370.0
14 41 3440.0
14 42 3332.0
14 43 3255.0
14 44 2782.0
14 45 2518.0
14 46 2542.0
14 47 2560.0
14 48 2555.0
14 49 3239.0
14 50 3167.0
14 51 3853.0
14 52 3456.0
14 53 3438.0
14 54 3476.0
14 55 3827.0
14 56 4368.0
14 57 4372.0
14 58 3938.0
14 59 4687.0
14 60 4096.0
14 61 4669.0
14 62 4554.0
14 63 4444.0
14 64 4843.0
14 65 5106.0
14 66 5272.0
14 67 5444.0
14 68 5510.0
14 69 4854.0
14 70 5311.0
14 71 5459.0
14 72 5606.0
14 73 5883.0
14 74 6395.0
14 75 6234.0
14 76 6181.0
14 77 6587.0
14 78 7139.0
14 79 5906.0
14 80 8368.0
14 81 6438.0
14 82 6414.0
14 83 6848.0
14 84 6813.0
14 85 6979.0
14 86 7028.0
14 87 7298.0
14 88 7502.0
14 89 7751.0
14 90 7805.0
14 91 7684.0
14 92 7341.0
14 93 7126.0
14 94 6626.0
14 95 7859.0
14 96 6409.0
15 1 4207.0
15 2 2785.0
15 3 2807.0
15 4 1996.0
15 5 1932.0
15 6 1862.0
15 7 1687.0
15 8 1767.0
15 9 1315.0
15 10 1022.0
15 11 1342.0
15 12 715.0
15 13 514.0
15 14 303.0
15 16 652.0
15 17 1587.0
15 18 1810.0
15 19 1866.0
15 20 1743.0
15 21 2158.0
15 22 2809.0
15 23 2741.0
15 24 2796.0
15 25 2475.0
15 26 3247.0
15 27 3745.0
15 28 3868.0
15 29 3342.0
15 30 3699.0
15 31 3719.0
15 32 3753.0
15 33 2424.0
15 34 3119.0
15 35 3404.0
15 36 3794.0
15 37 3844.0
15 38 3863.0
15 39 3553.0
15 40 3294.0
15 41 3347.0
15 42 3228.0
15 43 3138.0
15 44 2733.0
15 45 2433.0
15 46 2376.0
15 47 2344.0
15 48 2322.0
15 49 3114.0
15 50 3004.0
15 51 3688.0
15 52 3278.0
15 53 3237.0
15 54 3226.0
15 55 3641.0
15 56 4144.0
15 57 4148.0
15 58 3694.0
15 59 4429.0
15 60 3821.0
15 61 4385.0
15 62 4267.0
15 63 4150.0
15 64 4544.0
15 65 4804.0
15 66 4972.0
15 67 5146.0
15 68 5212.0
15 69 4643.0
15 70 5088.0
15 71 5189.0
15 72 5335.0
15 73 5614.0
15 74 6130.0
15 75 5960.0
15 76 5896.0
15 77 6306.0
15 78 6869.0
15 79 5798.0
15 80 8252.0
15 81 6223.0
15 82 6189.0
15 83 6631.0
15 84 6559.0
15 85 6720.0
15 86 6770.0
15 87 7047.0
15 88 7240.0
15 89 7498.0
15 90 7558.0
15 91 7459.0
15 92 7049.0
15 93 6828.0
15 94 6324.0
15 95 7556.0
15 96 6109.0
16 1 4803.0
16 2 3430.0
16 3 3459.0
16 4 2647.0
16 5 2583.0
16 6 2513.0
16 7 2338.0
16 8 2412.0
16 9 1958.0
16 10 1644.0
16 11 1762.0
16 12 1324.0
16 13 1046.0
16 14 912.0
16 15 652.0
16 17 938.0
16 18 1163.0
16 19 1214.0
16 20 1091.0
16 21 1542.0
16 22 2207.0
16 23 2231.0
16 24 2349.0
16 25 2127.0
16 26 2669.0
16 27 3221.0
16 28 3287.0
16 29 3928.0
16 30 4265.0
16 31 4271.0
16 32 4285.0
16 33 2886.0
16 34 3592.0
16 35 3867.0
16 36 4291.0
16 37 4328.0
16 38 4302.0
16 39 3898.0
16 40 3614.0
16 41 3633.0
16 42 3494.0
16 43 3380.0
16 44 3115.0
16 45 2763.0
16 46 2534.0
16 47 2365.0
16 48 2285.0
16 49 3341.0
16 50 3144.0
16 51 3806.0
16 52 3371.0
16 53 3270.0
16 54 3094.0
16 55 3705.0
16 56 4082.0
16 57 4086.0
16 58 3573.0
16 59 4240.0
16 60 3561.0
16 61 4073.0
16 62 3937.0
16 63 3771.0
16 64 4116.0
16 65 4270.0
16 66 4529.0
16 67 4720.0
16 68 4789.0
16 69 4613.0
16 70 5014.0
16 71 4938.0
16 72 5078.0
16 73 5364.0
16 74 5890.0
16 75 5683.0
16 76 5566.0
16 77 5993.0
16 78 6602.0
16 79 6016.0
16 80 8432.0
16 81 6163.0
16 82 6096.0
16 83 6561.0
16 84 6362.0
16 85 6500.0
16 86 6552.0
16 87 6856.0
16 88 7001.0
16 89 7296.0
16 90 7381.0
16 91 7354.0
16 92 6666.0
16 93 6391.0
16 94 5840.0
16 95 7057.0
16 96 5546.0
17 1 5706.0
17 2 4366.0
17 3 4389.0
17 4 3583.0
17 5 3514.0
17 6 3443.0
17 7 3267.0
17 8 3331.0
17 9 2876.0
17 10 2546.0
17 11 2581.0
17 12 2224.0
17 13 1920.0
17 14 1827.0
17 15 1587.0
17 16 938.0
17 18 229.0
17 19 289.0
17 20 182.0
17 21 845.0
17 22 1485.0
17 23 1758.0
17 24 2006.0
17 25 2011.0
17 26 1989.0
17 27 2640.0
17 28 2573.0
17 29 4826.0
17 30 5145.0
17 31 5139.0
17 32 5133.0
17 33 3694.0
17 34 4394.0
17 35 4655.0
17 36 5106.0
17 37 5129.0
17 38 5060.0
17 39 4566.0
17 40 4264.0
17 41 4246.0
17 42 4090.0
17 43 3956.0
17 44 3843.0
17 45 3455.0
17 46 3066.0
17 47 2757.0
17 48 2616.0
17 49 3900.0
17 50 3615.0
17 51 4216.0
17 52 3773.0
17 53 3602.0
17 54 3214.0
17 55 4053.0
17 56 4243.0
17 57 4246.0
17 58 3677.0
17 59 4207.0
17 60 3454.0
17 61 3851.0
17 62 3691.0
17 63 3449.0
17 64 3690.0
17 65 3632.0
17 66 4059.0
17 67 4276.0
17 68 4347.0
17 69 4795.0
17 70 5119.0
17 71 4780.0
17 72 4904.0
17 73 5193.0
17 74 5719.0
17 75 5460.0
17 76 5259.0
17 77 5705.0
17 78 6371.0
17 79 6484.0
17 80 8805.0
17 81 6252.0
17 82 6140.0
17 83 6626.0
17 84 6244.0
17 85 6343.0
17 86 6399.0
17 87 6736.0
17 88 6805.0
17 89 7151.0
17 90 7269.0
17 91 7350.0
17 92 6248.0
17 93 5889.0
17 94 5264.0
17 95 6434.0
17 96 4825.0
18 1 5934.0
18 2 4592.0
18 3 4608.0
18 4 3806.0
18 5 3733.0
18 6 3661.0
18 7 3486.0
18 8 3545.0
18 9 3091.0
18 10 2757.0
18 11 2805.0
18 12 2435.0
18 13 2126.0
18 14 2043.0
18 15 1810.0
18 16 1163.0
18 17 229.0
18 19 147.0
18 20 169.0
18 21 802.0
18 22 1388.0
18 23 1745.0
18 24 2025.0
18 25 2088.0
18 26 1896.0
18 27 2570.0
18 28 2458.0
18 29 5054.0
18 30 5372.0
18 31 5364.0
18 32 5357.0
18 33 3915.0
18 34 4613.0
18 35 4872.0
18 36 5326.0
18 37 5348.0
18 38 5272.0
18 39 4765.0
18 40 4462.0
18 41 4438.0
18 42 4279.0
18 43 4143.0
18 44 4053.0
18 45 3662.0
18 46 3252.0
18 47 2922.0
18 48 2772.0
18 49 4085.0
18 50 3786.0
18 51 4373.0
18 52 3931.0
18 53 3748.0
18 54 3321.0
18 55 4198.0
18 56 4349.0
18 57 4352.0
18 58 3776.0
18 59 4269.0
18 60 3506.0
18 61 3870.0
18 62 3706.0
18 63 3446.0
18 64 3655.0
18 65 3533.0
18 66 4009.0
18 67 4232.0
18 68 4303.0
18 69 4902.0
18 70 5207.0
18 71 4808.0
18 72 4927.0
18 73 5215.0
18 74 5738.0
18 75 5468.0
18 76 5246.0
18 77 5694.0
18 78 6372.0
18 79 6643.0
18 80 8939.0
18 81 6331.0
18 82 6209.0
18 83 6698.0
18 84 6273.0
18 85 6363.0
18 86 6420.0
18 87 6764.0
18 88 6813.0
18 89 7170.0
18 90 7296.0
18 91 7403.0
18 92 6200.0
18 93 5819.0
18 94 5175.0
18 95 6328.0
18 96 4692.0
19 1 5948.0
19 2 4638.0
19 3 4671.0
19 4 3860.0
19 5 3796.0
19 6 3725.0
19 7 3550.0
19 8 3616.0
19 9 3161.0
19 10 2833.0
19 11 2800.0
19 12 2511.0
19 13 2208.0
19 14 2112.0
19 15 1866.0
19 16 1214.0
19 17 289.0
19 18 147.0
19 20 126.0
19 21 656.0
19 22 1246.0
19 23 1600.0
19 24 1884.0
19 25 1964.0
19 26 1754.0
19 27 2425.0
19 28 2320.0
19 29 5067.0
19 30 5376.0
19 31 5364.0
19 32 5350.0
19 33 3900.0
19 34 4594.0
19 35 4849.0
19 36 5309.0
19 37 5327.0
19 38 5240.0
19 39 4716.0
19 40 4411.0
19 41 4380.0
19 42 4219.0
19 43 4080.0
19 44 4020.0
19 45 3623.0
19 46 3188.0
19 47 2842.0
19 48 2686.0
19 49 4020.0
19 50 3709.0
19 51 4285.0
19 52 3845.0
19 53 3653.0
19 54 3207.0
19 55 4103.0
19 56 4233.0
19 57 4235.0
19 58 3657.0
19 59 4137.0
19 60 3372.0
19 61 3729.0
19 62 3563.0
19 63 3301.0
19 64 3509.0
19 65 3393.0
19 66 3863.0
19 67 4085.0
19 68 4156.0
19 69 4786.0
19 70 5083.0
19 71 4667.0
19 72 4786.0
19 73 5073.0
19 74 5596.0
19 75 5324.0
19 76 5100.0
19 77 5548.0
19 78 6227.0
19 79 6555.0
19 80 8834.0
19 81 6203.0
19 82 6078.0
19 83 6568.0
19 84 6133.0
19 85 6221.0
19 86 6278.0
19 87 6622.0
19 88 6669.0
19 89 7027.0
19 90 7155.0
19 91 7267.0
19 92 6054.0
19 93 5674.0
19 94 5033.0
19 95 6189.0
19 96 4561.0
20 1 5823.0
20 2 4513.0
20 3 4549.0
20 4 3736.0
20 5 3673.0
20 6 3602.0
20 7 3427.0
20 8 3495.0
20 9 3041.0
20 10 2715.0
20 11 2679.0
20 12 2393.0
20 13 2092.0
20 14 1991.0
20 15 1743.0
20 16 1091.0
20 17 182.0
20 18 169.0
20 19 126.0
20 21 684.0
20 22 1309.0
20 23 1614.0
20 24 1881.0
20 25 1926.0
20 26 1815.0
20 27 2473.0
20 28 2395.0
20 29 4942.0
20 30 5253.0
20 31 5242.0
20 32 5229.0
20 33 3781.0
20 34 4477.0
20 35 4733.0
20 36 5191.0
20 37 5210.0
20 38 5127.0
20 39 4611.0
20 40 4307.0
20 41 4280.0
20 42 4120.0
20 43 3982.0
20 44 3907.0
20 45 3513.0
20 46 3091.0
20 47 2756.0
20 48 2605.0
20 49 3924.0
20 50 3621.0
20 51 4205.0
20 52 3764.0
20 53 3579.0
20 54 3155.0
20 55 4030.0
20 56 4183.0
20 57 4185.0
20 58 3611.0
20 59 4112.0
20 60 3352.0
20 61 3728.0
20 62 3565.0
20 63 3313.0
20 64 3538.0
20 65 3458.0
20 66 3901.0
20 67 4120.0
20 68 4192.0
20 69 4736.0
20 70 5044.0
20 71 4662.0
20 72 4784.0
20 73 5072.0
20 74 5596.0
20 75 5331.0
20 76 5119.0
20 77 5565.0
20 78 6238.0
20 79 6475.0
20 80 8770.0
20 81 6170.0
20 82 6050.0
20 83 6539.0
20 84 6128.0
20 85 6221.0
20 86 6278.0
20 87 6619.0
20 88 6676.0
20 89 7028.0
20 90 7151.0
20 91 7249.0
20 92 6092.0
20 93 5724.0
20 94 5093.0
20 95 6258.0
20 96 4644.0
21 1 5969.0
21 2 4818.0
21 3 4925.0
21 4 4087.0
21 5 4059.0
21 6 3995.0
21 7 3822.0
21 8 3919.0
21 9 3471.0
21 10 3176.0
21 11 2794.0
21 12 2860.0
21 13 2588.0
21 14 2443.0
21 15 2158.0
21 16 1542.0
21 17 845.0
21 18 802.0
21 19 656.0
21 20 684.0
21 22 671.0
21 23 946.0
21 24 1246.0
21 25 1408.0
21 26 1159.0
21 27 1795.0
21 28 1764.0
21 29 5092.0
21 30 5360.0
21 31 5326.0
21 32 5283.0
21 33 3822.0
21 34 4485.0
21 35 4716.0
21 36 5197.0
21 37 5197.0
21 38 5063.0
21 39 4468.0
21 40 4157.0
21 41 4098.0
21 42 3930.0
21 43 3780.0
21 44 3852.0
21 45 3440.0
21 46 2904.0
21 47 2488.0
21 48 2306.0
21 49 3711.0
21 50 3352.0
21 51 3867.0
21 52 3438.0
21 53 3214.0
21 54 2678.0
21 55 3654.0
21 56 3688.0
21 57 3691.0
21 58 3105.0
21 59 3526.0
21 60 2754.0
21 61 3082.0
21 62 2915.0
21 63 2647.0
21 64 2856.0
21 65 2799.0
21 66 3218.0
21 67 3437.0
21 68 3508.0
21 69 4239.0
21 70 4501.0
21 71 4024.0
21 72 4140.0
21 73 4426.0
21 74 4947.0
21 75 4671.0
21 76 4445.0
21 77 4892.0
21 78 5572.0
21 79 6120.0
21 80 8319.0
21 81 5604.0
21 82 5467.0
21 83 5959.0
21 84 5488.0
21 85 5571.0
21 86 5628.0
21 87 5976.0
21 88 6016.0
21 89 6377.0
21 90 6508.0
21 91 6638.0
21 92 5408.0
21 93 5044.0
21 94 4423.0
21 95 5603.0
21 96 4026.0
22 1 6448.0
22 2 5401.0
22 3 5541.0
22 4 4698.0
22 5 4685.0
22 6 4624.0
22 7 4452.0
22 8 4559.0
22 9 4115.0
22 10 3830.0
22 11 3307.0
22 12 3517.0
22 13 3252.0
22 14 3100.0
22 15 2809.0
22 16 2207.0
22 17 1485.0
22 18 1388.0
22 19 1246.0
22 20 1309.0
22 21 671.0
22 23 670.0
22 24 1037.0
22 25 1432.0
22 26 508.0
22 27 1195.0
22 28 1095.0
22 29 5583.0
22 30 5819.0
22 31 5769.0
22 32 5704.0
22 33 4260.0
22 34 4886.0
22 35 5093.0
22 36 5583.0
22 37 5570.0
22 38 5395.0
22 39 4743.0
22 40 4434.0
22 41 4346.0
22 42 4175.0
22 43 4017.0
22 44 4216.0
22 45 3801.0
22 46 3188.0
22 47 2717.0
22 48 2515.0
22 49 3940.0
22 50 3538.0
22 51 3959.0
22 52 3559.0
22 53 3297.0
22 54 2642.0
22 55 3710.0
22 56 3584.0
22 57 3586.0
22 58 3003.0
22 59 3272.0
22 60 2501.0
22 61 2702.0
22 62 2526.0
22 63 2212.0
22 64 2328.0
22 65 2149.0
22 66 2649.0
22 67 2879.0
22 68 2950.0
22 69 4115.0
22 70 4301.0
22 71 3644.0
22 72 3744.0
22 73 4022.0
22 74 4526.0
22 75 4224.0
22 76 3949.0
22 77 4398.0
22 78 5100.0
22 79 6145.0
22 80 8200.0
22 81 5347.0
22 82 5182.0
22 83 5674.0
22 84 5089.0
22 85 5145.0
22 86 5203.0
22 87 5565.0
22 88 5556.0
22 89 5941.0
22 90 6090.0
22 91 6287.0
22 92 4834.0
22 93 4435.0
22 94 3788.0
22 95 4950.0
22 96 3357.0
23 1 6002.0
23 2 5110.0
23 3 5315.0
23 4 4471.0
23 5 4492.0
23 6 4440.0
23 7 4275.0
23 8 4409.0
23 9 3987.0
23 10 3745.0
23 11 2951.0
23 12 3453.0
23 13 3232.0
23 14 3044.0
23 15 2741.0
23 16 2231.0
23 17 1758.0
23 18 1745.0
23 19 1600.0
23 20 1614.0
23 21 946.0
23 22 670.0
23 24 368.0
23 25 805.0
23 26 682.0
23 27 1005.0
23 28 1232.0
23 29 5159.0
23 30 5359.0
23 31 5295.0
23 32 5211.0
23 33 3798.0
23 34 4382.0
23 35 4568.0
23 36 5062.0
23 37 5038.0
23 38 4837.0
23 39 4156.0
23 40 3851.0
23 41 3749.0
23 42 3577.0
23 43 3418.0
23 44 3692.0
23 45 3283.0
23 46 2628.0
23 47 2135.0
23 48 1929.0
23 49 3338.0
23 50 2921.0
23 51 3306.0
23 52 2917.0
23 53 2647.0
23 54 1974.0
23 55 3051.0
23 56 2917.0
23 57 2918.0
23 58 2335.0
23 59 2641.0
23 60 1865.0
23 61 2142.0
23 62 1973.0
23 63 1702.0
23 64 1938.0
23 65 2064.0
23 66 2325.0
23 67 2532.0
23 68 2603.0
23 69 3451.0
23 70 3655.0
23 71 3087.0
23 72 3199.0
23 73 3485.0
23 74 4004.0
23 75 3726.0
23 76 3505.0
23 77 3951.0
23 78 4628.0
23 79 5477.0
23 80 7540.0
23 81 4723.0
23 82 4570.0
23 83 5063.0
23 84 4550.0
23 85 4628.0
23 86 4685.0
23 87 5035.0
23 88 5071.0
23 89 5433.0
23 90 5566.0
23 91 5714.0
23 92 4503.0
23 93 4179.0
23 94 3610.0
23 95 4829.0
23 96 3385.0
24 1 5793.0
24 2 5000.0
24 3 5242.0
24 4 4405.0
24 5 4446.0
24 6 4399.0
24 7 4241.0
24 8 4388.0
24 9 3984.0
24 10 3771.0
24 11 2827.0
24 12 3495.0
24 13 3301.0
24 14 3097.0
24 15 2796.0
24 16 2349.0
24 17 2006.0
24 18 2025.0
24 19 1884.0
24 20 1881.0
24 21 1246.0
24 22 1037.0
24 23 368.0
24 25 530.0
24 26 966.0
24 27 1050.0
24 28 1418.0
24 29 4968.0
24 30 5142.0
24 31 5069.0
24 32 4973.0
24 33 3593.0
24 34 4144.0
24 35 4314.0
24 36 4807.0
24 37 4776.0
24 38 4558.0
24 39 3860.0
24 40 3558.0
24 41 3446.0
24 42 3275.0
24 43 3116.0
24 44 3445.0
24 45 3043.0
24 46 2363.0
24 47 1859.0
24 48 1652.0
24 49 3034.0
24 50 2606.0
24 51 2959.0
24 52 2581.0
24 53 2303.0
24 54 1612.0
24 55 2698.0
24 56 2550.0
24 57 2551.0
24 58 1968.0
24 59 2293.0
24 60 1517.0
24 61 1847.0
24 62 1685.0
24 63 1453.0
24 64 1768.0
24 65 2079.0
24 66 2185.0
24 67 2372.0
24 68 2441.0
24 69 3085.0
24 70 3296.0
24 71 2784.0
24 72 2903.0
24 73 3191.0
24 74 3716.0
24 75 3455.0
24 76 3268.0
24 77 3709.0
24 78 4366.0
24 79 5114.0
24 80 7175.0
24 81 4375.0
24 82 4230.0
24 83 4723.0
24 84 4249.0
24 85 4340.0
24 86 4397.0
24 87 4739.0
24 88 4799.0
24 89 5148.0
24 90 5272.0
24 91 5392.0
24 92 4323.0
24 93 4047.0
24 94 3530.0
24 95 4766.0
24 96 3423.0
25 1 5264.0
25 2 4509.0
25 3 4773.0
25 4 3945.0
25 5 4002.0
25 6 3960.0
25 7 3808.0
25 8 3967.0
25 9 3583.0
25 10 3400.0
25 11 2337.0
25 12 3146.0
25 13 2989.0
25 14 2770.0
25 15 2475.0
25 16 2127.0
25 17 2011.0
25 18 2088.0
25 19 1964.0
25 20 1926.0
25 21 1408.0
25 22 1432.0
25 23 805.0
25 24 530.0
25 26 1471.0
25 27 1560.0
25 28 1947.0
25 29 4442.0
25 30 4613.0
25 31 4540.0
25 32 4445.0
25 33 3065.0
25 34 3615.0
25 35 3788.0
25 36 4281.0
25 37 4252.0
25 38 4041.0
25 39 3353.0
25 40 3049.0
25 41 2945.0
25 42 2773.0
25 43 2614.0
25 44 2917.0
25 45 2514.0
25 46 1838.0
25 47 1338.0
25 48 1131.0
25 49 2534.0
25 50 2118.0
25 51 2531.0
25 52 2128.0
25 53 1869.0
25 54 1272.0
25 55 2291.0
25 56 2283.0
25 57 2285.0
25 58 1701.0
25 59 2199.0
25 60 1463.0
25 61 1946.0
25 62 1812.0
25 63 1675.0
25 64 2088.0
25 65 2552.0
25 66 2526.0
25 67 2683.0
25 68 2747.0
25 69 2834.0
25 70 3120.0
25 71 2827.0
25 72 2962.0
25 73 3251.0
25 74 3778.0
25 75 3559.0
25 76 3443.0
25 77 3867.0
25 78 4478.0
25 79 4746.0
25 80 6912.0
25 81 4244.0
25 82 4130.0
25 83 4617.0
25 84 4274.0
25 85 4395.0
25 86 4450.0
25 87 4770.0
25 88 4886.0
25 89 5199.0
25 90 5300.0
25 91 5345.0
25 92 4576.0
25 93 4364.0
25 94 3911.0
25 95 5153.0
25 96 3899.0
26 1 6681.0
26 2 5744.0
26 3 5921.0
26 4 5075.0
26 5 5078.0
26 6 5021.0
26 7 4852.0
26 8 4972.0
26 9 4536.0
26 10 4267.0
26 11 3603.0
26 12 3960.0
26 13 3708.0
26 14 3543.0
26 15 3247.0
26 16 2669.0
26 17 1989.0
26 18 1896.0
26 19 1754.0
26 20 1815.0
26 21 1159.0
26 22 508.0
26 23 682.0
26 24 966.0
26 25 1471.0
26 27 706.0
26 28 622.0
26 29 5834.0
26 30 6039.0
26 31 5976.0
26 32 5892.0
26 33 4478.0
26 34 5064.0
26 35 5249.0
26 36 5743.0
26 37 5717.0
26 38 5511.0
26 39 4821.0
26 40 4518.0
26 41 4409.0
26 42 4238.0
26 43 4079.0
26 44 4374.0
26 45 3965.0
26 46 3305.0
26 47 2808.0
26 48 2601.0
26 49 3997.0
26 50 3571.0
26 51 3909.0
26 52 3541.0
26 53 3259.0
26 54 2536.0
26 55 3639.0
26 56 3396.0
26 57 3397.0
26 58 2834.0
26 59 2981.0
26 60 2234.0
26 61 2333.0
26 62 2156.0
26 63 1817.0
26 64 1864.0
26 65 1643.0
26 66 2160.0
26 67 2394.0
26 68 2465.0
26 69 3902.0
26 70 4030.0
26 71 3259.0
26 72 3347.0
26 73 3617.0
26 74 4108.0
26 75 3791.0
26 76 3491.0
26 77 3938.0
26 78 4649.0
26 79 6012.0
26 80 7948.0
26 81 5024.0
26 82 4842.0
26 83 5330.0
26 84 4680.0
26 85 4719.0
26 86 4777.0
26 87 5145.0
26 88 5110.0
26 89 5506.0
26 90 5665.0
26 91 5899.0
26 92 4338.0
26 93 3929.0
26 94 3280.0
26 95 4446.0
26 96 2877.0
27 1 6803.0
27 2 6050.0
27 3 6285.0
27 4 5444.0
27 5 5477.0
27 6 5427.0
27 7 5265.0
27 8 5404.0
27 9 4987.0
27 10 4750.0
27 11 3877.0
27 12 4458.0
27 13 4234.0
27 14 4048.0
27 15 3745.0
27 16 3221.0
27 17 2640.0
27 18 2570.0
27 19 2425.0
27 20 2473.0
27 21 1795.0
27 22 1195.0
27 23 1005.0
27 24 1050.0
27 25 1560.0
27 26 706.0
27 28 555.0
27 29 5995.0
27 30 6149.0
27 31 6068.0
27 32 5958.0
27 33 4614.0
27 34 5131.0
27 35 5280.0
27 36 5769.0
27 37 5726.0
27 38 5479.0
27 39 4750.0
27 40 4463.0
27 41 4328.0
27 42 4162.0
27 43 4004.0
27 44 4426.0
27 45 4037.0
27 46 3336.0
27 47 2827.0
27 48 2625.0
27 49 3918.0
27 50 3473.0
27 51 3687.0
27 52 3374.0
27 53 3075.0
27 54 2297.0
27 55 3396.0
27 56 3002.0
27 57 3003.0
27 58 2488.0
27 59 2464.0
27 60 1783.0
27 61 1734.0
27 62 1560.0
27 63 1201.0
27 64 1167.0
27 65 1060.0
27 66 1456.0
27 67 1689.0
27 68 1760.0
27 69 3462.0
27 70 3515.0
27 71 2623.0
27 72 2698.0
27 73 2957.0
27 74 3434.0
27 75 3108.0
27 76 2792.0
27 77 3238.0
27 78 3951.0
27 79 5640.0
27 80 7419.0
27 81 4439.0
27 82 4239.0
27 83 4720.0
27 84 4011.0
27 85 4038.0
27 86 4096.0
27 87 4467.0
27 88 4415.0
27 89 4817.0
27 90 4982.0
27 91 5245.0
27 92 3640.0
27 93 3251.0
27 94 2635.0
27 95 3838.0
27 96 2389.0
28 1 7208.0
28 2 6339.0
28 3 6530.0
28 4 5684.0
28 5 5693.0
28 6 5637.0
28 7 5469.0
28 8 5591.0
28 9 5156.0
28 10 4888.0
28 11 4183.0
28 12 4581.0
28 13 4328.0
28 14 4164.0
28 15 3868.0
28 16 3287.0
28 17 2573.0
28 18 2458.0
28 19 2320.0
28 20 2395.0
28 21 1764.0
28 22 1095.0
28 23 1232.0
28 24 1418.0
28 25 1947.0
28 26 622.0
28 27 555.0
28 29 6376.0
28 30 6559.0
28 31 6487.0
28 32 6390.0
28 33 5006.0
28 34 5560.0
28 35 5726.0
28 36 6218.0
28 37 6183.0
28 38 5953.0
28 39 5237.0
28 40 4943.0
28 41 4817.0
28 42 4648.0
28 43 4489.0
28 44 4860.0
28 45 4459.0
28 46 3774.0
28 47 3267.0
28 48 3061.0
28 49 4404.0
28 50 3964.0
28 51 4216.0
28 52 3887.0
28 53 3591.0
28 54 2824.0
28 55 3929.0
28 56 3556.0
28 57 3556.0
28 58 3036.0
28 59 3012.0
28 60 2338.0
28 61 2261.0
28 62 2091.0
28 63 1728.0
28 64 1597.0
28 65 1094.0
28 66 1785.0
28 67 2027.0
28 68 2093.0
28 69 4016.0
28 70 4060.0
28 71 3117.0
28 72 3180.0
28 73 3425.0
28 74 3878.0
28 75 3537.0
28 76 3178.0
28 77 3614.0
28 78 4336.0
28 79 6194.0
28 80 7954.0
28 81 4957.0
28 82 4748.0
28 83 5223.0
28 84 4459.0
28 85 4464.0
28 86 4522.0
28 87 4897.0
28 88 4804.0
28 89 5223.0
28 90 5400.0
28 91 5707.0
28 92 3892.0
28 93 3431.0
28 94 2743.0
28 95 3871.0
28 96 2263.0
29 1 882.0
29 2 1115.0
29 3 1621.0
29 4 1706.0
29 5 1922.0
29 6 1992.0
29 7 2089.0
29 8 2212.0
29 9 2470.0
29 10 2791.0
29 11 2298.0
29 12 3006.0
29 13 3297.0
29 14 3227.0
29 15 3342.0
29 16 3928.0
29 17 4826.0
29 18 5054.0
29 19 5067.0
29 20 4942.0
29 21 5092.0
29 22 5583.0
29 23 5159.0
29 24 4968.0
29 25 4442.0
29 26 5834.0
29 27 5995.0
29 28 6376.0
29 30 414.0
29 31 522.0
29 32 697.0
29 33 1382.0
29 34 1047.0
29 35 1119.0
29 36 986.0
29 37 1108.0
29 38 1429.0
29 39 1925.0
29 40 2012.0
29 41 2209.0
29 42 2292.0
29 43 2395.0
29 44 1676.0
29 45 2001.0
29 46 2713.0
29 47 3204.0
29 48 3394.0
29 49 2469.0
29 50 2852.0
29 51 3174.0
29 52 3133.0
29 53 3386.0
29 54 4058.0
29 55 3408.0
29 56 4237.0
29 57 4241.0
29 58 4248.0
29 59 4990.0
29 60 4907.0
29 61 5516.0
29 62 5514.0
29 63 5646.0
29 64 6166.0
29 65 6918.0
29 66 6580.0
29 67 6629.0
29 68 6669.0
29 69 4388.0
29 70 4892.0
29 71 5808.0
29 72 5948.0
29 73 6120.0
29 74 6465.0
29 75 6517.0
29 76 6741.0
29 77 6973.0
29 78 7186.0
29 79 3954.0
29 80 6173.0
29 81 5648.0
29 82 5783.0
29 83 6009.0
29 84 6586.0
29 85 6829.0
29 86 6853.0
29 87 6939.0
29 88 7338.0
29 89 7356.0
29 90 7285.0
29 91 6840.0
29 92 7954.0
29 93 8070.0
29 94 7921.0
29 95 9078.0
29 96 8229.0
30 1 656.0
30 2 1511.0
30 3 2001.0
30 4 2119.0
30 5 2335.0
30 6 2405.0
30 7 2500.0
30 8 2626.0
30 9 2876.0
30 10 3192.0
30 11 2582.0
30 12 3397.0
30 13 3681.0
30 14 3600.0
30 15 3699.0
30 16 4265.0
30 17 5145.0
30 18 5372.0
30 19 5376.0
30 20 5253.0
30 21 5360.0
30 22 5819.0
30 23 5359.0
30 24 5142.0
30 25 4613.0
30 26 6039.0
30 27 6149.0
30 28 6559.0
30 29 414.0
30 31 159.0
30 32 373.0
30 33 1563.0
30 34 1045.0
30 35 1005.0
30 36 702.0
30 37 825.0
30 38 1182.0
30 39 1799.0
30 40 1947.0
30 41 2141.0
30 42 2251.0
30 43 2374.0
30 44 1742.0
30 45 2115.0
30 46 2824.0
30 47 3328.0
30 48 3527.0
30 49 2455.0
30 50 2870.0
30 51 3102.0
30 52 3122.0
30 53 3395.0
30 54 4110.0
30 55 3359.0
30 56 4180.0
30 57 4184.0
30 58 4252.0
30 59 4959.0
30 60 4948.0
30 61 5539.0
30 62 5552.0
30 63 5712.0
30 64 6233.0
30 65 7033.0
30 66 6634.0
30 67 6665.0
30 68 6701.0
30 69 4276.0
30 70 4766.0
30 71 5755.0
30 72 5889.0
30 73 6043.0
30 74 6356.0
30 75 6435.0
30 76 6689.0
30 77 6893.0
30 78 7057.0
30 79 3645.0
30 80 5803.0
30 81 5449.0
30 82 5600.0
30 83 5795.0
30 84 6435.0
30 85 6682.0
30 86 6703.0
30 87 6764.0
30 88 7179.0
30 89 7168.0
30 90 7083.0
30 91 6607.0
30 92 7882.0
30 93 8040.0
30 94 7943.0
30 95 9067.0
30 96 8320.0
31 1 759.0
31 2 1635.0
31 3 2134.0
31 4 2207.0
31 5 2427.0
31 6 2495.0
31 7 2582.0
31 8 2716.0
31 9 2947.0
31 10 3253.0
31 11 2565.0
31 12 3447.0
31 13 3724.0
31 14 3633.0
31 15 3719.0
31 16 4271.0
31 17 5139.0
31 18 5364.0
31 19 5364.0
31 20 5242.0
31 21 5326.0
31 22 5769.0
31 23 5295.0
31 24 5069.0
31 25 4540.0
31 26 5976.0
31 27 6068.0
31 28 6487.0
31 29 522.0
31 30 159.0
31 32 215.0
31 33 1511.0
31 34 943.0
31 35 871.0
31 36 544.0
31 37 667.0
31 38 1025.0
31 39 1656.0
31 40 1815.0
31 41 2007.0
31 42 2122.0
31 43 2250.0
31 44 1647.0
31 45 2032.0
31 46 2735.0
31 47 3242.0
31 48 3443.0
31 49 2332.0
31 50 2754.0
31 51 2964.0
31 52 2998.0
31 53 3275.0
31 54 4000.0
31 55 3226.0
31 56 4044.0
31 57 4047.0
31 58 4129.0
31 59 4827.0
31 60 4833.0
31 61 5418.0
31 62 5435.0
31 63 5603.0
31 64 6123.0
31 65 6937.0
31 66 6520.0
31 67 6547.0
31 68 6581.0
31 69 4130.0
31 70 4617.0
31 71 5617.0
31 72 5751.0
31 73 5901.0
31 74 6209.0
31 75 6292.0
31 76 6552.0
31 77 6750.0
31 78 6906.0
31 79 3490.0
31 80 5663.0
31 81 5292.0
31 82 5445.0
31 83 5637.0
31 84 6283.0
31 85 6530.0
31 86 6550.0
31 87 6609.0
31 88 7025.0
31 89 7012.0
31 90 6926.0
31 91 6449.0
31 92 7740.0
31 93 7906.0
31 94 7820.0
31 95 8936.0
31 96 8215.0
32 1 925.0
32 2 1810.0
32 3 2318.0
32 4 2336.0
32 5 2560.0
32 6 2624.0
32 7 2701.0
32 8 2844.0
32 9 3050.0
32 10 3344.0
32 11 2553.0
32 12 3522.0
32 13 3789.0
32 14 3685.0
32 15 3753.0
32 16 4285.0
32 17 5133.0
32 18 5357.0
32 19 5350.0
32 20 5229.0
32 21 5283.0
32 22 5704.0
32 23 5211.0
32 24 4973.0
32 25 4445.0
32 26 5892.0
32 27 5958.0
32 28 6390.0
32 29 697.0
32 30 373.0
32 31 215.0
32 33 1462.0
32 34 830.0
32 35 706.0
32 36 331.0
32 37 453.0
32 38 813.0
32 39 1465.0
32 40 1642.0
32 41 1830.0
32 42 1953.0
32 43 2087.0
32 44 1533.0
32 45 1931.0
32 46 2623.0
32 47 3131.0
32 48 3335.0
32 49 2171.0
32 50 2601.0
32 51 2780.0
32 52 2833.0
32 53 3115.0
32 54 3853.0
32 55 3047.0
32 56 3860.0
32 57 3863.0
32 58 3964.0
32 59 4649.0
32 60 4679.0
32 61 5256.0
32 62 5278.0
32 63 5456.0
32 64 5976.0
32 65 6807.0
32 66 6366.0
32 67 6387.0
32 68 6419.0
32 69 3932.0
32 70 4416.0
32 71 5431.0
32 72 5563.0
32 73 5708.0
32 74 6009.0
32 75 6098.0
32 76 6365.0
32 77 6557.0
32 78 6702.0
32 79 3281.0
32 80 5476.0
32 81 5080.0
32 82 5234.0
32 83 5424.0
32 84 6076.0
32 85 6324.0
32 86 6343.0
32 87 6399.0
32 88 6817.0
32 89 6800.0
32 90 6713.0
32 91 6235.0
32 92 7547.0
32 93 7723.0
32 94 7653.0
32 95 8758.0
32 96 8073.0
33 1 2205.0
33 2 1791.0
33 3 2252.0
33 4 1730.0
33 5 1935.0
33 6 1960.0
33 7 1938.0
33 8 2137.0
33 9 2122.0
33 10 2308.0
33 11 1125.0
33 12 2381.0
33 13 2582.0
33 14 2426.0
33 15 2424.0
33 16 2886.0
33 17 3694.0
33 18 3915.0
33 19 3900.0
33 20 3781.0
33 21 3822.0
33 22 4260.0
33 23 3798.0
33 24 3593.0
33 25 3065.0
33 26 4478.0
33 27 4614.0
33 28 5006.0
33 29 1382.0
33 30 1563.0
33 31 1511.0
33 32 1462.0
33 34 706.0
33 35 984.0
33 36 1413.0
33 37 1443.0
33 38 1440.0
33 39 1280.0
33 40 1134.0
33 41 1286.0
33 42 1271.0
33 43 1299.0
33 44 516.0
33 45 660.0
33 46 1350.0
33 47 1829.0
33 48 2015.0
33 49 1345.0
33 50 1618.0
33 51 2120.0
33 52 1940.0
33 53 2141.0
33 54 2733.0
33 55 2280.0
33 56 3088.0
33 57 3092.0
33 58 2985.0
33 59 3769.0
33 60 3585.0
33 61 4209.0
33 62 4190.0
33 63 4295.0
33 64 4813.0
33 65 5539.0
33 66 5235.0
33 67 5300.0
33 68 5345.0
33 69 3362.0
33 70 3881.0
33 71 4613.0
33 72 4760.0
33 73 4966.0
33 74 5370.0
33 75 5365.0
33 76 5528.0
33 77 5810.0
33 78 6123.0
33 79 3655.0
33 80 6096.0
33 81 4820.0
33 82 4897.0
33 83 5217.0
33 84 5588.0
33 85 5815.0
33 86 5848.0
33 87 6000.0
33 88 6347.0
33 89 6444.0
33 90 6415.0
33 91 6082.0
33 92 6763.0
33 93 6810.0
33 94 6600.0
33 95 7787.0
33 96 6857.0
34 1 1697.0
34 2 1884.0
34 3 2403.0
34 4 2114.0
34 5 2339.0
34 6 2384.0
34 7 2406.0
34 8 2588.0
34 9 2671.0
34 10 2905.0
34 11 1831.0
34 12 3019.0
34 13 3244.0
34 14 3103.0
34 15 3119.0
34 16 3592.0
34 17 4394.0
34 18 4613.0
34 19 4594.0
34 20 4477.0
34 21 4485.0
34 22 4886.0
34 23 4382.0
34 24 4144.0
34 25 3615.0
34 26 5064.0
34 27 5131.0
34 28 5560.0
34 29 1047.0
34 30 1045.0
34 31 943.0
34 32 830.0
34 33 706.0
34 35 290.0
34 36 716.0
34 37 738.0
34 38 771.0
34 39 926.0
34 40 968.0
34 41 1165.0
34 42 1245.0
34 43 1353.0
34 44 706.0
