1 2 273.0
1 3 1272.0
1 4 744.0
1 5 1138.0
1 6 1972.0
1 7 1580.0
1 8 1878.0
1 9 1539.0
1 10 1457.0
1 11 429.0
1 12 1129.0
1 13 1251.0
1 14 1421.0
1 15 588.0
1 16 334.0
1 17 837.0
1 18 1364.0
1 19 229.0
1 20 961.0
1 21 754.0
1 22 1169.0
1 23 1488.0
1 24 720.0
1 25 1280.0
1 26 816.0
1 27 664.0
1 28 1178.0
1 29 939.0
1 30 1698.0
1 31 983.0
1 32 1119.0
1 33 1029.0
1 34 1815.0
1 35 721.0
1 36 1753.0
1 37 330.0
1 38 1499.0
1 39 1107.0
1 40 1576.0
1 41 942.0
1 42 484.0
1 43 617.0
1 44 896.0
1 45 1184.0
1 46 1030.0
1 47 1718.0
1 48 604.0
2 1 273.0
2 3 999.0
2 4 809.0
2 5 866.0
2 6 1722.0
2 7 1338.0
2 8 1640.0
2 9 1226.0
2 10 1185.0
2 11 440.0
2 12 894.0
2 13 992.0
2 14 1173.0
2 15 334.0
2 16 358.0
2 17 626.0
2 18 1124.0
2 19 358.0
2 20 847.0
2 21 533.0
2 22 915.0
2 23 1219.0
2 24 481.0
2 25 1009.0
2 26 543.0
2 27 937.0
2 28 915.0
2 29 667.0
2 30 1441.0
2 31 812.0
2 32 848.0
2 33 776.0
2 34 1560.0
2 35 526.0
2 36 1494.0
2 37 598.0
2 38 1244.0
2 39 1304.0
2 40 1306.0
2 41 685.0
2 42 668.0
2 43 444.0
2 44 1157.0
2 45 1359.0
2 46 1176.0
2 47 1475.0
2 48 335.0
3 1 1272.0
3 2 999.0
3 4 1519.0
3 5 140.0
3 6 937.0
3 7 697.0
3 8 951.0
3 9 267.0
3 10 227.0
3 11 1229.0
3 12 587.0
3 13 369.0
3 14 554.0
3 15 721.0
3 16 1212.0
3 17 739.0
3 18 596.0
3 19 1291.0
3 20 1114.0
3 21 701.0
3 22 426.0
3 23 285.0
3 24 676.0
3 25 155.0
3 26 456.0
3 27 1936.0
3 28 319.0
3 29 337.0
3 30 604.0
3 31 907.0
3 32 214.0
3 33 424.0
3 34 748.0
3 35 817.0
3 36 666.0
3 37 1592.0
3 38 521.0
3 39 2172.0
3 40 356.0
3 41 467.0
3 42 1583.0
3 43 882.0
3 44 2139.0
3 45 2182.0
3 46 1961.0
3 47 781.0
3 48 678.0
4 1 744.0
4 2 809.0
4 3 1519.0
4 5 1425.0
4 6 1861.0
4 7 1473.0
4 8 1713.0
4 9 1761.0
4 10 1617.0
4 11 370.0
4 12 1073.0
4 13 1304.0
4 14 1369.0
4 15 1092.0
4 16 453.0
4 17 798.0
4 18 1283.0
4 19 973.0
4 20 565.0
4 21 1315.0
4 22 1204.0
4 23 1796.0
4 24 846.0
4 25 1447.0
4 26 1143.0
4 27 959.0
4 28 1275.0
4 29 1213.0
4 30 2085.0
4 31 742.0
4 32 1309.0
4 33 1479.0
4 34 1760.0
4 35 703.0
4 36 1727.0
4 37 872.0
4 38 1479.0
4 39 686.0
4 40 1698.0
4 41 1057.0
4 42 387.0
4 43 1252.0
4 44 904.0
4 45 668.0
4 46 443.0
4 47 1600.0
4 48 930.0
5 1 1138.0
5 2 866.0
5 3 140.0
5 4 1425.0
5 6 1052.0
5 7 776.0
5 8 1049.0
5 9 402.0
5 10 361.0
5 11 1119.0
5 12 578.0
5 13 406.0
5 14 618.0
5 15 581.0
5 16 1095.0
5 17 670.0
5 18 641.0
5 19 1152.0
5 20 1060.0
5 21 567.0
5 22 443.0
5 23 374.0
5 24 579.0
5 25 235.0
5 26 325.0
5 27 1802.0
5 28 331.0
5 29 217.0
5 30 665.0
5 31 862.0
5 32 182.0
5 33 312.0
5 34 864.0
5 35 732.0
5 36 783.0
5 37 1456.0
5 38 608.0
5 39 2066.0
5 40 491.0
5 41 400.0
5 42 1466.0
5 43 744.0
5 44 2013.0
5 45 2082.0
5 46 1865.0
5 47 875.0
5 48 552.0
6 1 1972.0
6 2 1722.0
6 3 937.0
6 4 1861.0
6 5 1052.0
6 7 400.0
6 8 182.0
6 9 820.0
6 10 721.0
6 11 1735.0
6 12 851.0
6 13 740.0
6 14 551.0
6 15 1551.0
6 16 1769.0
6 17 1159.0
6 18 613.0
6 19 2072.0
6 20 1300.0
6 21 1605.0
6 22 807.0
6 23 1017.0
6 24 1251.0
6 25 818.0
6 26 1259.0
6 27 2596.0
6 28 826.0
6 29 1137.0
6 30 1255.0
6 31 1123.0
6 32 943.0
6 33 1359.0
6 34 188.0
6 35 1282.0
6 36 271.0
6 37 2300.0
6 38 483.0
6 39 2540.0
6 40 609.0
6 41 1038.0
6 42 2099.0
6 43 1776.0
6 44 2699.0
6 45 2493.0
6 46 2266.0
6 47 264.0
6 48 1398.0
7 1 1580.0
7 2 1338.0
7 3 697.0
7 4 1473.0
7 5 776.0
7 6 400.0
7 8 304.0
7 9 699.0
7 10 538.0
7 11 1335.0
7 12 454.0
7 13 393.0
7 14 173.0
7 15 1198.0
7 16 1370.0
7 17 760.0
7 18 216.0
7 19 1692.0
7 20 919.0
7 21 1286.0
7 22 435.0
7 23 879.0
7 24 861.0
7 25 548.0
7 26 913.0
7 27 2198.0
7 28 483.0
7 29 803.0
7 30 1181.0
7 31 731.0
7 32 627.0
7 33 1086.0
7 34 292.0
7 35 883.0
7 36 279.0
7 37 1906.0
7 38 178.0
7 39 2156.0
7 40 490.0
7 41 662.0
7 42 1699.0
7 43 1430.0
7 44 2300.0
7 45 2117.0
7 46 1888.0
7 47 138.0
7 48 1023.0
8 1 1878.0
8 2 1640.0
8 3 951.0
8 4 1713.0
8 5 1049.0
8 6 182.0
8 7 304.0
8 9 884.0
8 10 755.0
8 11 1612.0
8 12 749.0
8 13 690.0
8 14 476.0
8 15 1501.0
8 16 1654.0
8 17 1049.0
8 18 516.0
8 19 1995.0
8 20 1149.0
8 21 1580.0
8 22 739.0
8 23 1079.0
8 24 1161.0
8 25 815.0
8 26 1214.0
8 27 2485.0
8 28 780.0
8 29 1100.0
8 30 1347.0
8 31 985.0
8 32 916.0
8 33 1361.0
8 34 260.0
8 35 1171.0
8 36 328.0
8 37 2202.0
8 38 445.0
8 39 2385.0
8 40 665.0
8 41 966.0
8 42 1969.0
8 43 1729.0
8 44 2568.0
8 45 2333.0
8 46 2108.0
8 47 177.0
8 48 1327.0
9 1 1539.0
9 2 1226.0
9 3 267.0
9 4 1761.0
9 5 402.0
9 6 820.0
9 7 699.0
9 8 884.0
9 10 177.0
9 11 1486.0
9 12 757.0
9 13 506.0
9 14 609.0
9 15 981.0
9 16 1474.0
9 17 967.0
9 18 681.0
9 19 1552.0
9 20 1317.0
9 21 936.0
9 22 594.0
9 23 197.0
9 24 928.0
9 25 316.0
9 26 723.0
9 27 2203.0
9 28 500.0
9 29 604.0
9 30 482.0
9 31 1104.0
9 32 455.0
9 33 630.0
9 34 641.0
9 35 1058.0
9 36 562.0
9 37 1857.0
9 38 528.0
9 39 2425.0
9 40 220.0
9 41 704.0
9 42 1845.0
9 43 1122.0
9 44 2405.0
9 45 2428.0
9 46 2204.0
9 47 738.0
9 48 945.0
10 1 1457.0
10 2 1185.0
10 3 227.0
10 4 1617.0
10 5 361.0
10 6 721.0
10 7 538.0
10 8 755.0
10 9 177.0
10 11 1362.0
10 12 587.0
10 13 335.0
10 14 435.0
10 15 930.0
10 16 1358.0
10 17 819.0
10 18 504.0
10 19 1496.0
10 20 1153.0
10 21 927.0
10 22 428.0
10 23 341.0
10 24 803.0
10 25 180.0
10 26 649.0
10 27 2119.0
10 28 343.0
10 29 521.0
10 30 652.0
10 31 939.0
10 32 340.0
10 33 649.0
10 34 533.0
10 35 918.0
10 36 451.0
10 37 1783.0
10 38 362.0
10 39 2290.0
10 40 130.0
10 41 568.0
10 42 1727.0
10 43 1105.0
10 44 2301.0
10 45 2285.0
10 46 2059.0
10 47 595.0
10 48 853.0
11 1 429.0
11 2 440.0
11 3 1229.0
11 4 370.0
11 5 1119.0
11 6 1735.0
11 7 1335.0
11 8 1612.0
11 9 1486.0
11 10 1362.0
11 12 891.0
11 13 1082.0
11 14 1199.0
11 15 726.0
11 16 96.0
11 17 583.0
11 18 1125.0
11 19 653.0
11 20 563.0
11 21 947.0
11 22 986.0
11 23 1493.0
11 24 560.0
11 25 1183.0
11 26 813.0
11 27 882.0
11 28 1033.0
11 29 902.0
11 30 1763.0
11 31 642.0
11 32 1032.0
11 33 1131.0
11 34 1604.0
11 35 463.0
11 36 1556.0
11 37 663.0
11 38 1298.0
11 39 947.0
11 40 1461.0
11 41 795.0
11 42 371.0
11 43 882.0
11 44 967.0
11 45 973.0
11 46 768.0
11 47 1472.0
11 48 588.0
12 1 1129.0
12 2 894.0
12 3 587.0
12 4 1073.0
12 5 578.0
12 6 851.0
12 7 454.0
12 8 749.0
12 9 757.0
12 10 587.0
12 11 891.0
12 13 252.0
12 14 308.0
12 15 803.0
12 16 920.0
12 17 309.0
12 18 238.0
12 19 1252.0
12 20 569.0
12 21 940.0
12 22 165.0
12 23 863.0
12 24 414.0
12 25 454.0
12 26 552.0
12 27 1745.0
12 28 269.0
12 29 482.0
12 30 1188.0
12 31 355.0
12 32 397.0
12 33 833.0
12 34 713.0
12 35 432.0
12 36 666.0
12 37 1453.0
12 38 410.0
12 39 1758.0
12 40 642.0
12 41 262.0
12 42 1260.0
12 43 1051.0
12 44 1858.0
12 45 1737.0
12 46 1508.0
12 47 592.0
12 48 598.0
13 1 1251.0
13 2 992.0
13 3 369.0
13 4 1304.0
13 5 406.0
13 6 740.0
13 7 393.0
13 8 690.0
13 9 506.0
13 10 335.0
13 11 1082.0
13 12 252.0
13 14 222.0
13 15 814.0
13 16 1094.0
13 17 510.0
13 18 235.0
13 19 1335.0
13 20 820.0
13 21 892.0
13 22 100.0
13 23 626.0
13 24 541.0
13 25 219.0
13 26 524.0
13 27 1897.0
13 28 90.0
13 29 410.0
13 30 952.0
13 31 805.0
13 32 238.0
13 33 706.0
13 34 570.0
13 35 622.0
13 36 503.0
13 37 1581.0
13 38 257.0
13 39 1985.0
13 40 396.0
13 41 309.0
13 42 1453.0
13 43 1039.0
13 44 2043.0
13 45 1972.0
13 46 1744.0
13 47 514.0
13 48 661.0
14 1 1421.0
14 2 1173.0
14 3 554.0
14 4 1369.0
14 5 618.0
14 6 551.0
14 7 173.0
14 8 476.0
14 9 609.0
14 10 435.0
14 11 1199.0
14 12 308.0
14 13 222.0
14 15 1025.0
14 16 1227.0
14 17 617.0
14 18 90.0
14 19 1525.0
14 20 835.0
14 21 1114.0
14 22 263.0
14 23 770.0
14 24 700.0
14 25 400.0
14 26 740.0
14 27 2049.0
14 28 311.0
14 29 630.0
14 30 1087.0
14 31 630.0
14 32 459.0
14 33 924.0
14 34 405.0
14 35 739.0
14 36 360.0
14 37 1749.0
14 38 115.0
14 39 2055.0
14 40 428.0
14 41 492.0
14 42 1568.0
14 43 1256.0
14 44 2166.0
14 45 2026.0
14 46 1796.0
14 47 303.0
14 48 853.0
15 1 588.0
15 2 334.0
15 3 721.0
15 4 1092.0
15 5 581.0
15 6 1551.0
15 7 1198.0
15 8 1501.0
15 9 981.0
15 10 930.0
15 11 726.0
15 12 803.0
15 13 814.0
15 14 1025.0
15 16 663.0
15 17 632.0
15 18 999.0
15 19 572.0
15 20 972.0
15 21 225.0
15 22 763.0
15 23 908.0
15 24 451.0
15 25 767.0
15 26 293.0
15 27 1240.0
15 28 726.0
15 29 420.0
15 30 1111.0
15 31 862.0
15 32 617.0
15 33 443.0
15 34 1374.0
15 35 586.0
15 36 1299.0
15 37 887.0
15 38 1070.0
15 39 1633.0
15 40 1057.0
15 41 547.0
15 42 999.0
15 43 252.0
15 44 1483.0
15 45 1681.0
15 46 1489.0
15 47 1326.0
15 48 236.0
16 1 334.0
16 2 358.0
16 3 1212.0
16 4 453.0
16 5 1095.0
16 6 1769.0
16 7 1370.0
16 8 1654.0
16 9 1474.0
16 10 1358.0
16 11 96.0
16 12 920.0
16 13 1094.0
16 14 1227.0
16 15 663.0
16 17 610.0
16 18 1156.0
16 19 557.0
16 20 642.0
16 21 879.0
16 22 1000.0
16 23 1467.0
16 24 558.0
16 25 1178.0
16 26 780.0
16 27 831.0
16 28 1038.0
16 29 879.0
16 30 1726.0
16 31 700.0
16 32 1023.0
16 33 1082.0
16 34 1631.0
16 35 488.0
16 36 1579.0
16 37 586.0
16 38 1320.0
16 39 982.0
16 40 1463.0
16 41 796.0
16 42 371.0
16 43 802.0
16 44 940.0
16 45 1021.0
16 46 826.0
16 47 1508.0
16 48 550.0
17 1 837.0
17 2 626.0
17 3 739.0
17 4 798.0
17 5 670.0
17 6 1159.0
17 7 760.0
17 8 1049.0
17 9 967.0
17 10 819.0
17 11 583.0
17 12 309.0
17 13 510.0
17 14 617.0
17 15 632.0
17 16 610.0
17 18 546.0
17 19 983.0
17 20 397.0
17 21 821.0
17 22 411.0
17 23 1023.0
17 24 180.0
17 25 651.0
17 26 478.0
17 27 1438.0
17 28 476.0
17 29 485.0
17 30 1333.0
17 31 235.0
17 32 525.0
17 33 827.0
17 34 1022.0
17 35 123.0
17 36 973.0
17 37 1155.0
17 38 715.0
17 39 1475.0
17 40 902.0
17 41 273.0
17 42 953.0
17 43 882.0
17 44 1550.0
17 45 1467.0
17 46 1240.0
17 47 898.0
17 48 396.0
18 1 1364.0
18 2 1124.0
18 3 596.0
18 4 1283.0
18 5 641.0
18 6 613.0
18 7 216.0
18 8 516.0
18 9 681.0
18 10 504.0
18 11 1125.0
18 12 238.0
18 13 235.0
18 14 90.0
18 15 999.0
18 16 1156.0
18 17 546.0
18 19 1479.0
18 20 745.0
18 21 1105.0
18 22 240.0
18 23 831.0
18 24 645.0
18 25 442.0
18 26 723.0
18 27 1983.0
18 28 316.0
18 29 623.0
18 30 1152.0
18 31 543.0
18 32 470.0
18 33 939.0
18 34 482.0
18 35 669.0
18 36 443.0
18 37 1690.0
18 38 205.0
18 39 1969.0
18 40 510.0
18 41 455.0
18 42 1492.0
18 43 1238.0
18 44 2091.0
18 45 1938.0
18 46 1709.0
18 47 354.0
18 48 813.0
19 1 229.0
19 2 358.0
19 3 1291.0
19 4 973.0
19 5 1152.0
19 6 2072.0
19 7 1692.0
19 8 1995.0
19 9 1552.0
19 10 1496.0
19 11 653.0
19 12 1252.0
19 13 1335.0
19 14 1525.0
19 15 572.0
19 16 557.0
19 17 983.0
19 18 1479.0
19 20 1163.0
19 21 676.0
19 22 1264.0
19 23 1473.0
19 24 839.0
19 25 1326.0
19 26 847.0
19 27 801.0
19 28 1254.0
19 29 976.0
19 30 1643.0
19 31 1157.0
19 32 1169.0
19 33 983.0
19 34 1905.0
19 35 878.0
19 36 1836.0
19 37 346.0
19 38 1590.0
19 39 1286.0
19 40 1621.0
19 41 1034.0
19 42 689.0
19 43 503.0
19 44 995.0
19 45 1376.0
19 46 1239.0
19 47 1828.0
19 48 674.0
20 1 961.0
20 2 847.0
20 3 1114.0
20 4 565.0
20 5 1060.0
20 6 1300.0
20 7 919.0
20 8 1149.0
20 9 1317.0
20 10 1153.0
20 11 563.0
20 12 569.0
20 13 820.0
20 14 835.0
20 15 972.0
20 16 642.0
20 17 397.0
20 18 745.0
20 19 1163.0
20 21 1183.0
20 22 725.0
20 23 1399.0
20 24 549.0
20 25 1004.0
20 26 869.0
20 27 1427.0
20 28 818.0
20 29 882.0
20 30 1716.0
20 31 214.0
20 32 902.0
20 33 1222.0
20 34 1210.0
20 35 390.0
20 36 1184.0
20 37 1225.0
20 38 949.0
20 39 1239.0
20 40 1210.0
20 41 660.0
20 42 863.0
20 43 1207.0
20 44 1446.0
20 45 1197.0
20 46 969.0
20 47 1042.0
20 48 741.0
21 1 754.0
21 2 533.0
21 3 701.0
21 4 1315.0
21 5 567.0
21 6 1605.0
21 7 1286.0
21 8 1580.0
21 9 936.0
21 10 927.0
21 11 947.0
21 12 940.0
21 13 892.0
21 14 1114.0
21 15 225.0
21 16 879.0
21 17 821.0
21 18 1105.0
21 19 676.0
21 20 1183.0
21 22 865.0
21 23 821.0
21 24 644.0
21 25 790.0
21 26 388.0
21 27 1374.0
21 28 803.0
21 29 484.0
21 30 968.0
21 31 1056.0
21 32 655.0
21 33 318.0
21 34 1420.0
21 35 794.0
21 36 1341.0
21 37 1017.0
21 38 1137.0
21 39 1836.0
21 40 1056.0
21 41 679.0
21 42 1200.0
21 43 189.0
21 44 1645.0
21 45 1891.0
21 46 1704.0
21 47 1403.0
21 48 442.0
22 1 1169.0
22 2 915.0
22 3 426.0
22 4 1204.0
22 5 443.0
22 6 807.0
22 7 435.0
22 8 739.0
22 9 594.0
22 10 428.0
22 11 986.0
22 12 165.0
22 13 100.0
22 14 263.0
22 15 763.0
22 16 1000.0
22 17 411.0
22 18 240.0
22 19 1264.0
22 20 725.0
22 21 865.0
22 23 699.0
22 24 453.0
22 25 290.0
22 26 483.0
22 27 1809.0
22 28 107.0
22 29 384.0
22 30 1024.0
22 31 511.0
22 32 251.0
22 33 712.0
22 34 646.0
22 35 525.0
22 36 585.0
22 37 1499.0
22 38 330.0
22 39 1885.0
22 40 495.0
22 41 231.0
22 42 1356.0
22 43 999.0
22 44 1949.0
22 45 1872.0
22 46 1644.0
22 47 567.0
22 48 591.0
23 1 1488.0
23 2 1219.0
23 3 285.0
23 4 1796.0
23 5 374.0
23 6 1017.0
23 7 879.0
23 8 1079.0
23 9 197.0
23 10 341.0
23 11 1493.0
23 12 863.0
23 13 626.0
23 14 770.0
23 15 908.0
23 16 1467.0
23 17 1023.0
23 18 831.0
23 19 1473.0
23 20 1399.0
23 21 821.0
23 22 699.0
23 24 950.0
23 25 410.0
23 26 690.0
23 27 2147.0
23 28 594.0
23 29 590.0
23 30 326.0
23 31 1191.0
23 32 499.0
23 33 504.0
23 34 838.0
23 35 1098.0
23 36 758.0
23 37 1794.0
23 38 703.0
23 39 2439.0
23 40 414.0
23 41 751.0
23 42 1837.0
23 43 1011.0
23 44 2374.0
23 45 2455.0
23 46 2237.0
23 47 928.0
23 48 921.0
24 1 720.0
24 2 481.0
24 3 676.0
24 4 846.0
24 5 579.0
24 6 1251.0
24 7 861.0
24 8 1161.0
24 9 928.0
24 10 803.0
24 11 560.0
24 12 414.0
24 13 541.0
24 14 700.0
24 15 451.0
24 16 558.0
24 17 180.0
24 18 645.0
24 19 839.0
24 20 549.0
24 21 644.0
24 22 453.0
24 23 950.0
24 25 624.0
24 26 325.0
24 27 1356.0
24 28 480.0
24 29 369.0
24 30 1241.0
24 31 413.0
24 32 473.0
24 33 680.0
24 34 1097.0
24 35 166.0
24 36 1038.0
24 37 1049.0
24 38 781.0
24 39 1497.0
24 40 905.0
24 41 238.0
24 42 925.0
24 43 702.0
24 44 1506.0
24 45 1506.0
24 46 1287.0
24 47 998.0
24 48 216.0
25 1 1280.0
25 2 1009.0
25 3 155.0
25 4 1447.0
25 5 235.0
25 6 818.0
25 7 548.0
25 8 815.0
25 9 316.0
25 10 180.0
25 11 1183.0
25 12 454.0
25 13 219.0
25 14 400.0
25 15 767.0
25 16 1178.0
25 17 651.0
25 18 442.0
25 19 1326.0
25 20 1004.0
25 21 790.0
25 22 290.0
25 23 410.0
25 24 624.0
25 26 479.0
25 27 1941.0
25 28 188.0
25 29 350.0
25 30 736.0
25 31 792.0
25 32 161.0
25 33 547.0
25 34 632.0
25 35 745.0
25 36 552.0
25 37 1607.0
25 38 375.0
25 39 2115.0
25 40 296.0
25 41 392.0
25 42 1547.0
25 43 959.0
25 44 2121.0
25 45 2114.0
25 46 1890.0
25 47 641.0
25 48 676.0
26 1 816.0
26 2 543.0
26 3 456.0
26 4 1143.0
26 5 325.0
26 6 1259.0
26 7 913.0
26 8 1214.0
26 9 723.0
26 10 649.0
26 11 813.0
26 12 552.0
26 13 524.0
26 14 740.0
26 15 293.0
26 16 780.0
26 17 478.0
26 18 723.0
26 19 847.0
26 20 869.0
26 21 388.0
26 22 483.0
26 23 690.0
26 24 325.0
26 25 479.0
26 27 1480.0
26 28 435.0
26 29 129.0
26 30 949.0
26 31 708.0
26 32 325.0
26 33 355.0
26 34 1081.0
26 35 492.0
26 36 1007.0
26 37 1137.0
26 38 779.0
26 39 1759.0
26 40 774.0
26 41 291.0
26 42 1148.0
26 43 516.0
26 44 1688.0
26 45 1785.0
26 46 1573.0
26 47 1038.0
26 48 231.0
27 1 664.0
27 2 937.0
27 3 1936.0
27 4 959.0
27 5 1802.0
27 6 2596.0
27 7 2198.0
27 8 2485.0
27 9 2203.0
27 10 2119.0
27 11 882.0
27 12 1745.0
27 13 1897.0
27 14 2049.0
27 15 1240.0
27 16 831.0
27 17 1438.0
27 18 1983.0
27 19 801.0
27 20 1427.0
27 21 1374.0
27 22 1809.0
27 23 2147.0
27 24 1356.0
27 25 1941.0
27 26 1480.0
27 28 1829.0
27 29 1603.0
27 30 2339.0
27 31 1524.0
27 32 1780.0
27 33 1673.0
27 34 2421.0
27 35 1315.0
27 36 2394.0
27 37 357.0
27 38 2136.0
27 39 825.0
27 40 2237.0
27 41 1589.0
27 42 579.0
27 43 1204.0
27 44 347.0
27 45 959.0
27 46 940.0
27 47 2336.0
27 48 1266.0
28 1 1178.0
28 2 915.0
28 3 319.0
28 4 1275.0
28 5 331.0
28 6 826.0
28 7 483.0
28 8 780.0
28 9 500.0
28 10 343.0
28 11 1033.0
28 12 269.0
28 13 90.0
28 14 311.0
28 15 726.0
28 16 1038.0
28 17 476.0
28 18 316.0
28 19 1254.0
28 20 818.0
28 21 803.0
28 22 107.0
28 23 594.0
28 24 480.0
28 25 188.0
28 26 435.0
28 27 1829.0
28 29 320.0
28 30 919.0
28 31 605.0
28 32 154.0
28 33 623.0
28 34 652.0
28 35 580.0
28 36 582.0
28 37 1508.0
28 38 344.0
28 39 1950.0
28 40 429.0
28 41 242.0
28 42 1402.0
28 43 949.0
28 44 1986.0
28 45 1943.0
28 46 1717.0
28 47 603.0
28 48 582.0
29 1 939.0
29 2 667.0
29 3 337.0
29 4 1213.0
29 5 217.0
29 6 1137.0
29 7 803.0
29 8 1100.0
29 9 604.0
29 10 521.0
29 11 902.0
29 12 482.0
29 13 410.0
29 14 630.0
29 15 420.0
29 16 879.0
29 17 485.0
29 18 623.0
29 19 976.0
29 20 882.0
29 21 484.0
29 22 384.0
29 23 590.0
29 24 369.0
29 25 350.0
29 26 129.0
29 27 1603.0
29 28 320.0
29 30 872.0
29 31 699.0
29 32 197.0
29 33 358.0
29 34 957.0
29 35 529.0
29 36 881.0
29 37 1263.0
29 38 660.0
29 39 1849.0
29 40 645.0
29 41 240.0
29 42 1250.0
29 43 631.0
29 44 1802.0
29 45 1867.0
29 46 1650.0
29 47 923.0
29 48 341.0
30 1 1698.0
30 2 1441.0
30 3 604.0
30 4 2085.0
30 5 665.0
30 6 1255.0
30 7 1181.0
30 8 1347.0
30 9 482.0
30 10 652.0
30 11 1763.0
30 12 1188.0
30 13 952.0
30 14 1087.0
30 15 1111.0
30 16 1726.0
30 17 1333.0
30 18 1152.0
30 19 1643.0
30 20 1716.0
30 21 968.0
30 22 1024.0
30 23 326.0
30 24 1241.0
30 25 736.0
30 26 949.0
30 27 2339.0
30 28 919.0
30 29 872.0
30 31 1511.0
30 32 815.0
30 33 669.0
30 34 1092.0
30 35 1397.0
30 36 1019.0
30 37 1982.0
30 38 1010.0
30 39 2708.0
30 40 695.0
30 41 1061.0
30 42 2089.0
30 43 1148.0
30 44 2594.0
30 45 2734.0
30 46 2520.0
30 47 1212.0
30 48 1176.0
31 1 983.0
31 2 812.0
31 3 907.0
31 4 742.0
31 5 862.0
31 6 1123.0
31 7 731.0
31 8 985.0
31 9 1104.0
31 10 939.0
31 11 642.0
31 12 355.0
31 13 805.0
31 14 630.0
31 15 862.0
31 16 700.0
31 17 235.0
31 18 543.0
31 19 1157.0
31 20 214.0
31 21 1056.0
31 22 511.0
31 23 1191.0
31 24 413.0
31 25 792.0
31 26 708.0
31 27 1524.0
31 28 605.0
31 29 699.0
31 30 1511.0
31 32 697.0
31 33 1051.0
31 34 1018.0
31 35 290.0
31 36 985.0
31 37 1280.0
31 38 743.0
31 39 1427.0
31 40 996.0
31 41 466.0
31 42 987.0
31 43 1110.0
31 44 1584.0
31 45 1395.0
31 46 1166.0
31 47 861.0
31 48 626.0
32 1 1119.0
32 2 848.0
32 3 214.0
32 4 1309.0
32 5 182.0
32 6 943.0
32 7 627.0
32 8 916.0
32 9 455.0
32 10 340.0
32 11 1032.0
32 12 397.0
32 13 238.0
32 14 459.0
32 15 617.0
32 16 1023.0
32 17 525.0
32 18 470.0
32 19 1169.0
32 20 902.0
32 21 655.0
32 22 251.0
32 23 499.0
32 24 473.0
32 25 161.0
32 26 325.0
32 27 1780.0
32 28 154.0
32 29 197.0
32 30 815.0
32 31 697.0
32 33 469.0
32 34 761.0
32 35 607.0
32 36 685.0
32 37 1446.0
32 38 472.0
32 39 1969.0
32 40 457.0
32 41 254.0
32 42 1393.0
32 43 823.0
32 44 1963.0
32 45 1975.0
32 46 1752.0
32 47 739.0
32 48 515.0
33 1 1029.0
33 2 776.0
33 3 424.0
33 4 1479.0
33 5 312.0
33 6 1359.0
33 7 1086.0
33 8 1361.0
33 9 630.0
33 10 649.0
33 11 1131.0
33 12 833.0
33 13 706.0
33 14 924.0
33 15 443.0
33 16 1082.0
33 17 827.0
33 18 939.0
33 19 983.0
33 20 1222.0
33 21 318.0
33 22 712.0
33 23 504.0
33 24 680.0
33 25 547.0
33 26 355.0
33 27 1673.0
33 28 623.0
33 29 358.0
33 30 669.0
33 31 1051.0
33 32 469.0
33 34 1171.0
33 35 847.0
33 36 1089.0
33 37 1316.0
33 38 919.0
33 39 2063.0
33 40 776.0
33 41 598.0
33 42 1434.0
33 43 507.0
33 44 1926.0
33 45 2101.0
33 46 1898.0
33 47 1187.0
33 48 548.0
34 1 1815.0
34 2 1560.0
34 3 748.0
34 4 1760.0
34 5 864.0
34 6 188.0
34 7 292.0
34 8 260.0
34 9 641.0
34 10 533.0
34 11 1604.0
34 12 713.0
34 13 570.0
34 14 405.0
34 15 1374.0
34 16 1631.0
34 17 1022.0
34 18 482.0
34 19 1905.0
34 20 1210.0
34 21 1420.0
34 22 646.0
34 23 838.0
34 24 1097.0
34 25 632.0
34 26 1081.0
34 27 2421.0
34 28 652.0
34 29 957.0
34 30 1092.0
34 31 1018.0
34 32 761.0
34 33 1171.0
34 35 1144.0
34 36 83.0
34 37 2145.0
34 38 317.0
34 39 2445.0
34 40 426.0
34 41 875.0
34 42 1972.0
34 43 1584.0
34 44 2571.0
34 45 2408.0
34 46 2179.0
34 47 194.0
34 48 1231.0
35 1 721.0
35 2 526.0
35 3 817.0
35 4 703.0
35 5 732.0
35 6 1282.0
35 7 883.0
35 8 1171.0
35 9 1058.0
35 10 918.0
35 11 463.0
35 12 432.0
35 13 622.0
35 14 739.0
35 15 586.0
35 16 488.0
35 17 123.0
35 18 669.0
35 19 878.0
35 20 390.0
35 21 794.0
35 22 525.0
35 23 1098.0
35 24 166.0
35 25 745.0
35 26 492.0
35 27 1315.0
35 28 580.0
35 29 529.0
35 30 1397.0
35 31 290.0
35 32 607.0
35 33 847.0
35 34 1144.0
35 36 1094.0
35 37 1036.0
35 38 836.0
35 39 1371.0
35 40 1008.0
35 41 354.0
35 42 833.0
35 43 828.0
35 44 1429.0
35 45 1369.0
35 46 1146.0
35 47 1021.0
35 48 352.0
36 1 1753.0
36 2 1494.0
36 3 666.0
36 4 1727.0
36 5 783.0
36 6 271.0
36 7 279.0
36 8 328.0
36 9 562.0
36 10 451.0
36 11 1556.0
36 12 666.0
36 13 503.0
36 14 360.0
36 15 1299.0
36 16 1579.0
36 17 973.0
36 18 443.0
36 19 1836.0
36 20 1184.0
36 21 1341.0
36 22 585.0
36 23 758.0
36 24 1038.0
36 25 552.0
36 26 1007.0
36 27 2394.0
36 28 582.0
36 29 881.0
36 30 1019.0
36 31 985.0
36 32 685.0
36 33 1089.0
36 34 83.0
36 35 1094.0
36 37 2083.0
36 38 259.0
36 39 2412.0
36 40 345.0
36 41 811.0
36 42 1925.0
36 43 1507.0
36 44 2523.0
36 45 2380.0
36 46 2151.0
36 47 220.0
36 48 1163.0
37 1 330.0
37 2 598.0
37 3 1592.0
37 4 872.0
37 5 1456.0
37 6 2300.0
37 7 1906.0
37 8 2202.0
37 9 1857.0
37 10 1783.0
37 11 663.0
37 12 1453.0
37 13 1581.0
37 14 1749.0
37 15 887.0
37 16 586.0
37 17 1155.0
37 18 1690.0
37 19 346.0
37 20 1225.0
37 21 1017.0
37 22 1499.0
37 23 1794.0
37 24 1049.0
37 25 1607.0
37 26 1137.0
37 27 357.0
37 28 1508.0
37 29 1263.0
37 30 1982.0
37 31 1280.0
37 32 1446.0
37 33 1316.0
37 34 2145.0
37 35 1036.0
37 36 2083.0
37 38 1828.0
37 39 1005.0
37 40 1903.0
37 41 1272.0
37 42 504.0
37 43 849.0
37 44 653.0
37 45 1114.0
37 46 1019.0
37 47 2044.0
37 48 932.0
38 1 1499.0
38 2 1244.0
38 3 521.0
38 4 1479.0
38 5 608.0
38 6 483.0
38 7 178.0
38 8 445.0
38 9 528.0
38 10 362.0
38 11 1298.0
38 12 410.0
38 13 257.0
38 14 115.0
38 15 1070.0
38 16 1320.0
38 17 715.0
38 18 205.0
38 19 1590.0
38 20 949.0
38 21 1137.0
38 22 330.0
38 23 703.0
38 24 781.0
38 25 375.0
38 26 779.0
38 27 2136.0
38 28 344.0
38 29 660.0
38 30 1010.0
38 31 743.0
38 32 472.0
38 33 919.0
38 34 317.0
38 35 836.0
38 36 259.0
38 37 1828.0
38 39 2165.0
38 40 330.0
38 41 559.0
38 42 1668.0
38 43 1291.0
38 44 2264.0
38 45 2138.0
38 46 1908.0
38 47 268.0
38 48 917.0
39 1 1107.0
39 2 1304.0
39 3 2172.0
39 4 686.0
39 5 2066.0
39 6 2540.0
39 7 2156.0
39 8 2385.0
39 9 2425.0
39 10 2290.0
39 11 947.0
39 12 1758.0
39 13 1985.0
39 14 2055.0
39 15 1633.0
39 16 982.0
39 17 1475.0
39 18 1969.0
39 19 1286.0
39 20 1239.0
39 21 1836.0
39 22 1885.0
39 23 2439.0
39 24 1497.0
39 25 2115.0
39 26 1759.0
39 27 825.0
39 28 1950.0
39 29 1849.0
39 30 2708.0
39 31 1427.0
39 32 1969.0
39 33 2063.0
39 34 2445.0
39 35 1371.0
39 36 2412.0
39 37 1005.0
39 38 2165.0
39 40 2377.0
39 41 1723.0
39 42 636.0
39 43 1720.0
39 44 534.0
39 45 145.0
39 46 290.0
39 47 2281.0
39 48 1531.0
40 1 1576.0
40 2 1306.0
40 3 356.0
40 4 1698.0
40 5 491.0
40 6 609.0
40 7 490.0
40 8 665.0
40 9 220.0
40 10 130.0
40 11 1461.0
40 12 642.0
40 13 396.0
40 14 428.0
40 15 1057.0
40 16 1463.0
40 17 902.0
40 18 510.0
40 19 1621.0
40 20 1210.0
40 21 1056.0
40 22 495.0
40 23 414.0
40 24 905.0
40 25 296.0
40 26 774.0
40 27 2237.0
40 28 429.0
40 29 645.0
40 30 695.0
40 31 996.0
40 32 457.0
40 33 776.0
40 34 426.0
40 35 1008.0
40 36 345.0
40 37 1903.0
40 38 330.0
40 39 2377.0
40 41 667.0
40 42 1829.0
40 43 1235.0
40 44 2410.0
40 45 2367.0
40 46 2139.0
40 47 519.0
40 48 972.0
41 1 942.0
41 2 685.0
41 3 467.0
41 4 1057.0
41 5 400.0
41 6 1038.0
41 7 662.0
41 8 966.0
41 9 704.0
41 10 568.0
41 11 795.0
41 12 262.0
41 13 309.0
41 14 492.0
41 15 547.0
41 16 796.0
41 17 273.0
41 18 455.0
41 19 1034.0
41 20 660.0
41 21 679.0
41 22 231.0
41 23 751.0
41 24 238.0
41 25 392.0
41 26 291.0
41 27 1589.0
41 28 242.0
41 29 240.0
41 30 1061.0
41 31 466.0
41 32 254.0
41 33 598.0
41 34 875.0
41 35 354.0
41 36 811.0
41 37 1272.0
41 38 559.0
41 39 1723.0
41 40 667.0
41 42 1162.0
41 43 792.0
41 44 1744.0
41 45 1724.0
41 46 1500.0
41 47 796.0
41 48 361.0
42 1 484.0
42 2 668.0
42 3 1583.0
42 4 387.0
42 5 1466.0
42 6 2099.0
42 7 1699.0
42 8 1969.0
42 9 1845.0
42 10 1727.0
42 11 371.0
42 12 1260.0
42 13 1453.0
42 14 1568.0
42 15 999.0
42 16 371.0
42 17 953.0
42 18 1492.0
42 19 689.0
42 20 863.0
42 21 1200.0
42 22 1356.0
42 23 1837.0
42 24 925.0
42 25 1547.0
42 26 1148.0
42 27 579.0
42 28 1402.0
42 29 1250.0
42 30 2089.0
42 31 987.0
42 32 1393.0
42 33 1434.0
42 34 1972.0
42 35 833.0
42 36 1925.0
42 37 504.0
42 38 1668.0
42 39 636.0
42 40 1829.0
42 41 1162.0
42 43 1087.0
42 44 600.0
42 45 701.0
42 46 550.0
42 47 1835.0
42 48 917.0
43 1 617.0
43 2 444.0
43 3 882.0
43 4 1252.0
43 5 744.0
43 6 1776.0
43 7 1430.0
43 8 1729.0
43 9 1122.0
43 10 1105.0
43 11 882.0
43 12 1051.0
43 13 1039.0
43 14 1256.0
43 15 252.0
43 16 802.0
43 17 882.0
43 18 1238.0
43 19 503.0
43 20 1207.0
43 21 189.0
43 22 999.0
43 23 1011.0
43 24 702.0
43 25 959.0
43 26 516.0
43 27 1204.0
43 28 949.0
43 29 631.0
43 30 1148.0
43 31 1110.0
43 32 823.0
43 33 507.0
43 34 1584.0
43 35 828.0
43 36 1507.0
43 37 849.0
43 38 1291.0
43 39 1720.0
43 40 1235.0
43 41 792.0
43 42 1087.0
43 44 1490.0
43 45 1787.0
43 46 1614.0
43 47 1553.0
43 48 486.0
44 1 896.0
44 2 1157.0
44 3 2139.0
44 4 904.0
44 5 2013.0
44 6 2699.0
44 7 2300.0
44 8 2568.0
44 9 2405.0
44 10 2301.0
44 11 967.0
44 12 1858.0
44 13 2043.0
44 14 2166.0
44 15 1483.0
44 16 940.0
44 17 1550.0
44 18 2091.0
44 19 995.0
44 20 1446.0
44 21 1645.0
44 22 1949.0
44 23 2374.0
44 24 1506.0
44 25 2121.0
44 26 1688.0
44 27 347.0
44 28 1986.0
44 29 1802.0
44 30 2594.0
44 31 1584.0
44 32 1963.0
44 33 1926.0
44 34 2571.0
44 35 1429.0
44 36 2523.0
44 37 653.0
44 38 2264.0
44 39 534.0
44 40 2410.0
44 41 1744.0
44 42 600.0
44 43 1490.0
44 45 678.0
44 46 727.0
44 47 2435.0
44 48 1461.0
45 1 1184.0
45 2 1359.0
45 3 2182.0
45 4 668.0
45 5 2082.0
45 6 2493.0
45 7 2117.0
45 8 2333.0
45 9 2428.0
45 10 2285.0
45 11 973.0
45 12 1737.0
45 13 1972.0
45 14 2026.0
45 15 1681.0
45 16 1021.0
45 17 1467.0
45 18 1938.0
45 19 1376.0
45 20 1197.0
45 21 1891.0
45 22 1872.0
45 23 2455.0
45 24 1506.0
45 25 2114.0
45 26 1785.0
45 27 959.0
45 28 1943.0
45 29 1867.0
45 30 2734.0
45 31 1395.0
45 32 1975.0
45 33 2101.0
45 34 2408.0
45 35 1369.0
45 36 2380.0
45 37 1114.0
45 38 2138.0
45 39 145.0
45 40 2367.0
45 41 1724.0
45 42 701.0
45 43 1787.0
45 44 678.0
45 46 229.0
45 47 2238.0
45 48 1560.0
46 1 1030.0
46 2 1176.0
46 3 1961.0
46 4 443.0
46 5 1865.0
46 6 2266.0
46 7 1888.0
46 8 2108.0
46 9 2204.0
46 10 2059.0
46 11 768.0
46 12 1508.0
46 13 1744.0
46 14 1796.0
46 15 1489.0
46 16 826.0
46 17 1240.0
46 18 1709.0
46 19 1239.0
46 20 969.0
46 21 1704.0
46 22 1644.0
46 23 2237.0
46 24 1287.0
46 25 1890.0
46 26 1573.0
46 27 940.0
46 28 1717.0
46 29 1650.0
46 30 2520.0
46 31 1166.0
46 32 1752.0
46 33 1898.0
46 34 2179.0
46 35 1146.0
46 36 2151.0
46 37 1019.0
46 38 1908.0
46 39 290.0
46 40 2139.0
46 41 1500.0
46 42 550.0
46 43 1614.0
46 44 727.0
46 45 229.0
46 47 2010.0
46 48 1353.0
47 1 1718.0
47 2 1475.0
47 3 781.0
47 4 1600.0
47 5 875.0
47 6 264.0
47 7 138.0
47 8 177.0
47 9 738.0
47 10 595.0
47 11 1472.0
47 12 592.0
47 13 514.0
47 14 303.0
47 15 1326.0
47 16 1508.0
47 17 898.0
47 18 354.0
47 19 1828.0
47 20 1042.0
47 21 1403.0
47 22 567.0
47 23 928.0
47 24 998.0
47 25 641.0
47 26 1038.0
47 27 2336.0
47 28 603.0
47 29 923.0
47 30 1212.0
47 31 861.0
47 32 739.0
47 33 1187.0
47 34 194.0
47 35 1021.0
47 36 220.0
47 37 2044.0
47 38 268.0
47 39 2281.0
47 40 519.0
47 41 796.0
47 42 1835.0
47 43 1553.0
47 44 2435.0
47 45 2238.0
47 46 2010.0
47 48 1157.0
48 1 604.0
48 2 335.0
48 3 678.0
48 4 930.0
48 5 552.0
48 6 1398.0
48 7 1023.0
48 8 1327.0
48 9 945.0
48 10 853.0
48 11 588.0
48 12 598.0
48 13 661.0
48 14 853.0
48 15 236.0
48 16 550.0
48 17 396.0
48 18 813.0
48 19 674.0
48 20 741.0
48 21 442.0
48 22 591.0
48 23 921.0
48 24 216.0
48 25 676.0
48 26 231.0
48 27 1266.0
48 28 582.0
48 29 341.0
48 30 1176.0
48 31 626.0
48 32 515.0
48 33 548.0
48 34 1231.0
48 35 352.0
48 36 1163.0
48 37 932.0
48 38 917.0
48 39 1531.0
48 40 972.0
48 41 361.0
48 42 917.0
48 43 486.0
48 44 1461.0
48 45 1560.0
48 46 1353.0
48 47 1157.0
