1 2 1692.829879225907
1 3 2252.270854049308
1 4 1103.609532398121
1 5 2522.814499720501
1 6 396.8526174790838
1 7 1446.765357616777
1 8 424.5373952904503
1 9 1424.059338651308
1 10 749.1061340023855
1 11 902.2693611111928
1 12 1546.992243031619
1 13 2553.845140175888
1 14 2378.37024031163
1 15 1014.75366468912
1 16 1259.356184722972
1 17 1017.528869369317
1 18 1167.469485682602
1 19 813.7057207615048
1 20 1404.843407643713
1 21 885.1129871378004
1 22 1329.53112035785
1 23 882.2204939809549
1 24 1206.066747738283
1 25 1194.02051908667
1 26 1510.638606682618
1 27 1571.559734785796
1 28 415.6368607330202
1 29 2080.504025470751
1 30 2144.574549881631
1 31 886.7130313692248
1 32 790.2259170642279
1 33 2640.851756536137
1 34 1803.869729221043
1 35 1576.118333120962
1 36 1172.710535469005
1 37 2518.194988478851
1 38 1224.826518328208
1 39 2102.314201065102
1 40 1358.106402311689
1 41 2697.599117734138
1 42 661.4605052457781
1 43 2250.859835707235
1 44 1668.394437775432
1 45 923.0178763165966
1 46 2114.686265146677
1 47 429.1969244996986
1 48 2522.632949915623
1 49 442.2894979535462
1 50 1706.572295567932
1 51 1128.689505577154
1 52 2474.05173753501
1 53 1010.451384283282
1 54 1394.179687127882
1 55 1707.546192640187
1 56 795.3426934347232
1 57 1359.817634831965
1 58 718.2290720932981
1 59 1030.897182070065
1 60 1152.289026242982
1 61 1043.218577288576
1 62 1259.659080862755
1 63 288.0867924775449
1 64 1365.662110479748
1 65 1250.233978101699
1 66 1286.438883118821
1 67 593.1888400838303
1 68 1617.692801492298
1 69 1240.503526798695
1 70 1386.559050311237
1 71 2635.283096746913
1 72 801.5385205964839
1 73 1531.159691214473
1 74 941.981953117999
1 75 628.0461766462718
1 76 2648.723843665096
1 77 1048.429301383741
1 78 2442.327578356351
1 79 1007.911206406596
1 80 862.9745071553389
1 81 1219.592144940267
1 82 2186.072276938711
1 83 1715.551514819651
1 84 888.4739726069639
1 85 1733.841111520891
1 86 1508.300367963888
1 87 1254.928284803558
1 88 1219.446595796634
1 89 806.4899255415407
1 90 643.7701453158572
1 91 752.9734391065863
1 92 302.5524747874325
1 93 412.9757862151242
1 94 1358.84804154107
1 95 2431.134714490334
1 96 2376.68361377782
1 97 814.8772913758243
1 98 782.6525410423197
1 99 1468.252362504484
1 100 2643.494089268974
2 1 1692.829879225907
2 3 1708.469783168552
2 4 2402.816056214042
2 5 1185.959527134042
2 6 2056.612992276378
2 7 1391.80638021242
2 8 1619.841041584019
2 9 1342.505121033063
2 10 2441.83148476712
2 11 2358.835517792625
2 12 1606.488095193986
2 13 969.751514564427
2 14 1661.984957813999
2 15 2445.813157213772
2 16 2830.614950854319
2 17 2455.095924806198
2 18 2836.891256287417
2 19 2310.216007216641
2 20 1603.241716024131
2 21 2501.842521023256
2 22 2896.74748640609
2 23 1921.433319165669
2 24 2894.555579013815
2 25 893.0711057916945
2 26 2670.970610096637
2 27 1737.337330514716
2 28 1363.365321548117
2 29 1500.966355385756
2 30 1190.744724951574
2 31 1592.384689702837
2 32 2165.917819308941
2 33 1069.318006955835
2 34 1451.479589935732
2 35 1893.080558243626
2 36 2857.569071781118
2 37 1143.124227719805
2 38 2917.257102142353
2 39 961.137867321853
2 40 336.5055720192461
2 41 1984.454081101399
2 42 1536.060220173675
2 43 1834.545447788089
2 44 256.56383221335
2 45 2124.213972273038
2 46 1636.497784905314
2 47 1932.617137458943
2 48 1595.606467773304
2 49 2094.273382345295
2 50 416.1249812255929
2 51 1146.963382153066
2 52 1302.292209912967
2 53 2577.251442913555
2 54 331.3034862478812
2 55 1529.079788631058
2 56 1902.789793960436
2 57 1400.388874563062
2 58 1160.700650469362
2 59 2626.073875579284
2 60 1851.156665439206
2 61 1006.106356206937
2 62 1802.542648593924
2 63 1979.198069926302
2 64 331.7167466378506
2 65 2526.658267356312
2 66 2618.486967697185
2 67 1102.742943754346
2 68 710.5385281601555
2 69 573.2660813269873
2 70 2887.442640122917
2 71 1901.814396832667
2 72 2458.64698564068
2 73 462.2434423547834
2 74 2543.906641368743
2 75 2076.212176055232
2 76 1045.017224738425
2 77 1663.859669563512
2 78 1262.33315729248
2 79 2647.112389000512
2 80 1670.004790412291
2 81 842.6304053379513
2 82 569.9412250399158
2 83 1513.2250328355
2 84 2581.300641149729
2 85 832.313642805403
2 86 1752.072201708594
2 87 1218.500718095808
2 88 2806.433501795473
2 89 1419.508717831631
2 90 2301.798644538657
2 91 1978.321005297169
2 92 1769.469129428372
2 93 1399.746405603529
2 94 2963.132970354182
2 95 793.771377664879
2 96 1200.941297482937
2 97 2093.036072312181
2 98 1911.41099714321
2 99 3155.993662858023
2 100 1830.805287298461
3 1 2252.270854049308
3 2 1708.469783168552
3 4 3332.923341452665
3 5 1073.736001072889
3 6 2622.806130845358
3 7 811.3211448002572
3 8 2501.897679762304
3 9 829.1905691697175
3 10 2793.510336476312
3 11 2264.730005983053
3 12 782.4659737010933
3 13 1532.65423367438
3 14 221.2984410247844
3 15 2279.527363292663
3 16 3482.276554209904
3 17 2292.553379967411
3 18 3286.384791834334
3 19 3065.97537498265
3 20 934.0133832017611
3 21 2582.162853113645
3 22 3551.54121474044
3 23 1703.469694476541
3 24 3245.71979690176
3 25 1183.942988492267
3 26 3716.83104270291
3 27 846.132377350022
3 28 1855.776387391541
3 29 214.0210270043577
3 30 592.0844534354875
3 31 2769.948735987726
3 32 2086.778617870137
3 33 1532.922046289373
3 34 448.4127562859915
3 35 983.2461543275925
3 36 3047.000164095828
3 37 1133.381665636073
3 38 3215.883704364945
3 39 850.565106267592
3 40 1730.967648455626
3 41 450.7870894335817
3 42 2591.881555935764
3 43 171.0263137648707
3 44 1452.250667068189
3 45 1895.67982528696
3 46 139.2623423614582
3 47 2138.573823836811
3 48 507.0552238168935
3 49 2669.801490747955
3 50 1292.653472513032
3 51 1137.949032250566
3 52 823.310391043378
3 53 3246.17806042737
3 54 1827.943379867112
3 55 567.1207984195254
3 56 2916.617561491393
3 57 902.6560806863265
3 58 1572.472257306945
3 59 2625.837961489627
3 60 1377.630574573605
3 61 1275.467365321434
3 62 1227.892910640012
3 63 2473.698849900691
3 64 1650.528703173622
3 65 3479.70185504448
3 66 3529.201184404199
3 67 1872.406205928618
3 68 1020.784992052685
3 69 1423.781233195606
3 70 3630.577089114071
3 71 401.0049875001557
3 72 2640.376488306166
3 73 1287.391937212596
3 74 2582.747761590357
3 75 2870.338307586755
3 76 1615.069657940486
3 77 1333.014628576896
3 78 832.6631972172182
3 79 3193.360768845262
3 80 2811.80813712458
3 81 1192.820606797183
3 82 1530.888630828513
3 83 552.9529817262948
3 84 2913.171810930485
3 85 880.5708375820766
3 86 926.7416036846516
3 87 1001.0
3 88 3435.262144291175
3 89 2587.069770995749
3 90 2842.382803212825
3 91 1885.106097809882
3 92 2515.462979254515
3 93 1845.798743091998
3 94 3554.433850840384
3 95 1633.182169875731
3 96 826.4605253731119
3 97 3018.376550399237
3 98 1786.23542681249
3 99 3314.915534368862
3 100 454.2785489102474
4 1 1103.609532398121
4 2 2402.816056214042
4 3 3332.923341452665
4 5 3447.025529351356
4 6 822.125294587145
4 7 2538.424708357528
4 8 850.7185198407285
4 9 2511.709577160544
4 10 1030.068929732375
4 11 1695.417352748284
4 12 2649.138916704822
4 13 3362.05130835328
4 14 3441.609652473679
4 15 1794.274505197017
4 16 624.771958397622
4 17 1789.489592034555
4 18 928.9031165842862
4 19 372.3398984798702
4 20 2508.211514206886
4 21 1444.921105112663
4 22 660.8668549715593
4 23 1928.374704252262
4 24 1101.310582896578
4 25 2203.686229933835
4 26 417.062345459285
4 27 2675.055513442665
4 28 1478.048713676244
4 29 3149.956348903902
4 30 3152.299795387488
4 31 844.3518224058026
4 32 1696.562701464346
4 33 3458.916015170071
4 34 2886.523860978807
4 35 2674.075728172259
4 36 1336.013472985958
4 37 3428.18027530642
4 38 1189.673064333223
4 39 3060.988892498632
4 40 2087.301846882717
4 41 3771.111904995661
4 42 867.6819693874018
4 43 3343.36895959749
4 44 2479.001815247419
4 45 1895.497823791945
4 46 3197.561570947462
4 47 1394.7229115491
4 48 3555.860655312578
4 49 785.494748550237
4 50 2568.817821489099
4 51 2195.774578594078
4 52 3447.684730366163
4 53 497.6364134586616
4 54 2071.580314639044
4 55 2801.622387117864
4 56 500.371861718862
4 57 2454.438021217892
4 58 1763.011344262991
4 59 1572.778751128079
4 60 2235.152791197953
4 61 2076.108137838682
4 62 2353.3943570936
4 63 973.9034859779484
4 64 2131.240249244557
4 65 147.1767644704829
4 66 216.1133961604417
4 67 1502.06824079334
4 68 2575.05728091629
4 69 2132.529249506323
4 70 554.4763295218291
4 71 3704.461769272292
4 72 1293.387026376869
4 73 2416.404767417909
4 74 1507.782477680385
4 75 477.200167644564
4 76 3443.823456566843
4 77 2147.804925965112
4 78 3412.1034568137
4 79 718.3571535107031
4 80 758.0217674974776
4 81 2215.773679778691
4 82 2965.158005907948
4 83 2808.105589182857
4 84 1061.233244861845
4 85 2712.551750658409
4 86 2611.056491154491
4 87 2332.154583212699
4 88 644.0496875241847
4 89 992.3628368696603
4 90 747.4663872041338
4 91 1760.316164784042
4 92 819.3192296046761
4 93 1491.484160157258
4 94 784.6234765796904
4 95 3196.274393727797
4 96 3344.204688711503
4 97 324.2298567374695
4 98 1821.03075207422
4 99 1498.551634078719
4 100 3701.246411683502
5 1 2522.814499720501
5 2 1185.959527134042
5 3 1073.736001072889
5 4 3447.025529351356
5 6 2919.352154160234
5 7 1423.989115126938
5 8 2605.81753006614
5 9 1400.12142330585
5 10 3218.195301718029
5 11 2883.283718262911
5 12 1552.618433485832
5 13 502.332559167729
5 14 890.9062801439891
5 15 2934.403176116056
5 16 3770.098274581181
5 17 2946.543059247565
5 18 3681.028660578453
5 19 3277.007476341792
5 20 1655.730654424203
5 21 3135.403642276382
5 22 3839.75337749705
5 23 2328.644670189078
5 24 3691.816896867991
5 25 1343.501395607761
5 26 3765.137978879393
5 27 1675.52409711111
5 28 2113.827097943443
5 29 972.7486828569854
5 30 553.1663402630352
5 31 2700.638628176676
5 32 2683.121316675785
5 33 474.6588248415908
5 34 1178.071729564885
5 35 1851.224999831193
5 36 3569.123281703786
5 37 69.2314957226839
5 38 3688.564625975801
5 39 437.3854135656561
5 40 1413.016631183087
5 41 1079.082017272088
5 42 2593.881454500186
5 43 1244.739731831518
5 44 1007.246245959745
5 45 2548.369086298137
5 46 1107.079491274226
5 47 2591.877504821553
5 48 652.1502894272148
5 49 2964.122298421575
5 50 887.0287481248846
5 51 1498.040386638491
5 52 259.2392717163046
5 53 3515.597388780462
5 54 1468.373930577631
5 55 1342.827241308427
5 56 2961.86242084267
5 57 1499.522924132872
5 58 1818.490032966912
5 59 3221.863435963728
5 60 2087.726275161569
5 61 1506.11088569202
5 62 1965.283694533693
5 63 2799.736594753157
5 64 1349.998518517706
5 65 3583.50694153088
5 66 3661.452444044576
5 67 1971.111868971419
5 68 905.8062706782284
5 69 1316.70573781692
5 70 3869.008270862186
5 71 1007.262627123632
5 72 3145.426044274448
5 73 1030.674051288767
5 74 3156.84668617277
5 75 3049.346979272776
5 76 564.0221626851201
5 77 1957.628412135459
5 78 242.1672975444868
5 79 3530.725704440944
5 80 2768.475392702633
5 81 1310.246541685953
5 82 704.4948544879516
5 83 1319.488537274955
5 84 3354.735906148203
5 85 805.3483718242684
5 86 1738.268391244574
5 87 1442.083215352013
5 88 3734.719400436933
5 89 2515.890498412043
5 90 3166.417060338073
5 91 2468.07495834304
5 92 2701.296170359703
5 93 2128.814223928429
5 94 3879.303674630281
5 95 670.5467918050164
5 96 253.1402773167478
5 97 3124.039052252708
5 98 2373.914910016785
5 99 3863.267528919011
5 100 894.1521123388346
6 1 396.8526174790838
6 2 2056.612992276378
6 3 2622.806130845358
6 4 822.125294587145
6 5 2919.352154160234
6 7 1812.307369074021
6 8 533.6703102103395
6 9 1793.85423042119
6 10 436.0229351765799
6 11 907.1813490146278
6 12 1891.778263962243
6 13 2940.778298342124
6 14 2758.119830609251
6 15 1014.676795832052
6 16 867.138973867511
6 17 1012.354187031397
6 18 781.9520445653941
6 19 473.7013827296686
6 20 1743.555275865953
6 21 737.1302462930144
6 22 937.2432981888961
6 23 1110.785757920941
6 24 843.2822777694312
6 25 1590.113517960275
6 26 1238.998385793944
6 27 1899.798936729885
6 28 811.0055486863206
6 29 2458.472899993002
6 30 2538.561009706089
6 31 944.0338976964757
6 32 880.7774974418908
6 33 3029.285394280308
6 34 2175.125283748042
6 35 1879.610863982223
6 36 876.621925347524
6 37 2914.201434355559
6 38 878.0091115700337
6 39 2499.152056198262
6 40 1720.117728529068
6 41 3071.176484671631
6 42 764.2944458780267
6 43 2610.477734055588
6 44 2050.533589093337
6 45 1074.241127494195
6 46 2484.166258526188
6 47 574.1863808903865
6 48 2911.478833857461
6 49 47.07440918375928
6 50 2096.312238193538
6 51 1513.779376263265
6 52 2870.307300621312
6 53 623.910249955873
6 54 1745.028653059886
6 55 2068.132007392178
6 56 697.6890424823941
6 57 1722.47844688983
6 58 1113.114998551363
6 59 886.000564333906
6 60 1428.742804006375
6 61 1437.613647681462
6 62 1555.525956067593
6 63 157.2577502064684
6 64 1735.622366760696
6 65 960.0255204941169
6 66 970.2705808175367
6 67 973.5363372776591
6 68 2014.442354598413
6 69 1630.606328946383
6 70 1007.9216239371
6 71 3011.410466874285
6 72 604.466707106355
6 73 1922.573795722807
6 74 802.8860442179824
6 75 374.2325480232846
6 76 3034.312113148547
6 77 1361.378712923042
6 78 2838.767338124067
6 79 611.657583947097
6 80 886.4880145833896
6 81 1616.267613979814
6 82 2567.159519780569
6 83 2078.010827690751
6 84 560.9723700860854
6 85 2130.502522880459
6 86 1830.298882696485
6 87 1633.843627768582
6 88 825.1121135942678
6 89 942.648396805511
6 90 249.3270943960965
6 91 938.8700655575296
6 92 329.0744596592085
6 93 804.2045759631065
6 94 962.2515263692752
6 95 2811.480037275741
6 96 2773.242326231157
6 97 609.5842845743318
6 98 1002.960118848202
6 99 1154.045493037428
6 100 3024.699158594124
7 1 1446.765357616777
7 2 1391.80638021242
7 3 811.3211448002572
7 4 2538.424708357528
7 5 1423.989115126938
7 6 1812.307369074021
7 8 1724.840282460959
7 9 50.24937810560445
7 10 1989.205368985314
7 11 1511.092320144603
7 12 216.1133961604417
7 13 1709.036278140403
7 14 963.3509225614516
7 15 1545.006472478352
7 16 2670.955634225324
7 17 1557.711462370358
7 18 2480.831513827572
7 19 2259.774546276686
7 20 242.2003303053074
7 21 1806.204030556903
7 22 2740.227910229366
7 23 942.25102812361
7 24 2447.78532555451
7 25 555.7922273655867
7 26 2931.31591610321
7 27 345.6848275524976
7 28 1062.015065806507
7 29 663.1930337390464
7 30 894.8798802073941
7 31 2040.947329060699
7 32 1320.123100320572
7 33 1756.40655885817
7 34 366.8950803703969
7 35 508.9921413931653
7 36 2265.812878416927
7 37 1453.675342021044
7 38 2423.198299768304
7 39 1005.726105855864
7 40 1258.791881130475
7 41 1261.299726472657
7 42 1843.694117797201
7 43 805.0962675357525
7 44 1165.010729564325
7 45 1153.734804883687
7 46 672.3094525588645
7 47 1332.884090984659
7 48 1164.605083279306
7 49 1859.252000133387
7 50 1051.981463715022
7 51 382.7819222481647
7 52 1263.396216552828
7 53 2435.297517758354
7 54 1362.062039703038
7 55 264.1514716975849
7 56 2144.672469166329
7 57 93.04837451562494
7 58 800.2355903107534
7 59 1866.830736837167
7 60 666.1080993352356
7 61 561.8051263561058
7 62 541.6133307074338
7 63 1662.569096308481
7 64 1187.471683872925
7 65 2685.577219146752
7 66 2729.886627682549
7 67 1130.68165280949
7 68 740.9453421137082
7 69 895.3172622037397
7 70 2820.224813733827
7 71 1205.230683313365
7 72 1850.60260455885
7 73 934.8475811596242
7 74 1814.364902658779
7 75 2070.016425055608
7 76 1810.52036718729
7 77 560.0160711979612
7 78 1245.829041241213
7 79 2382.85647910234
7 80 2071.418113274092
7 81 593.6707841893518
7 82 1508.623876252792
7 83 269.6831474156292
7 84 2112.274603360084
7 85 714.1939512485386
7 86 369.4319964486021
7 87 237.9936973955403
7 88 2624.0
7 89 1867.181833673411
7 90 2031.080992969015
7 91 1108.953109919441
7 92 1719.107908189593
7 93 1046.940781515363
7 94 2744.016399367905
7 95 1707.419690644336
7 96 1196.338162895425
7 97 2229.60198241749
7 98 1009.756901437173
7 99 2544.23131809983
7 100 1231.347635722748
8 1 424.5373952904503
8 2 1619.841041584019
8 3 2501.897679762304
8 4 850.7185198407285
8 5 2605.81753006614
8 6 533.6703102103395
8 7 1724.840282460959
8 9 1693.383890321388
8 10 969.6927348392376
8 11 1307.468546466797
8 12 1858.841843729584
8 13 2553.933632653754
8 14 2600.321710865792
8 15 1420.535462422533
8 16 1210.841855900266
8 17 1421.951124335854
8 18 1257.132053525007
8 19 691.0347313992257
8 20 1728.843833317515
8 21 1228.327724998504
8 22 1276.915423980774
8 23 1295.390674661509
8 24 1350.98815686889
8 25 1355.059039304192
8 26 1216.003700652264
8 27 1904.642748653931
8 28 670.8576600144028
8 29 2312.646319695253
8 30 2301.667221819871
8 31 464.9688161586753
8 32 1210.889342590808
8 33 2648.021525592268
8 34 2059.711144796765
8 35 1934.297029931029
8 36 1410.090068045301
8 37 2590.028957367079
8 38 1397.242999624618
8 39 2212.886124498954
8 40 1288.820002948434
8 41 2933.783393504026
8 42 247.7781265568048
8 43 2524.469449211062
8 44 1660.675766066332
8 45 1347.312139038315
8 46 2369.010341893847
8 47 849.76349650947
8 48 2706.767998924178
8 49 553.1762829333883
8 50 1736.748974377126
8 51 1365.056775376028
8 52 2598.658884886587
8 53 958.1753492967766
8 54 1293.208799846336
8 55 1988.891651146437
8 56 420.6399885888169
8 57 1646.535757279507
8 58 930.4069002323661
8 59 1379.078315397643
8 60 1539.015919345866
8 61 1233.10542939361
8 62 1630.717940049719
8 63 554.0487343185615
8 64 1320.959121244863
8 65 993.6201487490076
8 66 1061.075397886503
8 67 651.4637365195396
8 68 1725.779244283579
8 69 1289.125672694482
8 70 1275.731162902279
8 71 2865.053053610003
8 72 1113.800700305041
8 73 1577.345238050313
8 74 1291.32877300864
8 75 456.9835883267582
8 76 2641.094091470427
8 77 1411.55942134931
8 78 2563.429733774655
8 79 1047.851611632105
8 80 438.5076966257263
8 81 1365.776336008206
8 82 2163.983364076536
8 83 1992.993978917147
8 84 1092.477002046267
8 85 1862.130231750723
8 86 1849.796204991242
8 87 1506.360182692041
8 88 1187.765128297678
8 89 416.329196670135
8 90 738.8748202503588
8 91 1175.923892095062
8 92 206.3055985667864
8 93 696.6039046689302
8 94 1345.786015680056
8 95 2402.839986349486
8 96 2495.666043363975
8 97 527.0569229219933
8 98 1199.805400887994
8 99 1683.736618358109
8 100 2857.268800795613
9 1 1424.059338651308
9 2 1342.505121033063
9 3 829.1905691697175
9 4 2511.709577160544
9 5 1400.12142330585
9 6 1793.85423042119
9 7 50.24937810560445
9 8 1693.383890321388
9 10 1980.891970805071
9 11 1518.626023746465
9 12 266.270539113887
9 13 1674.207275100667
9 14 972.2602532244132
9 15 1555.99807197824
9 16 2654.910356302073
9 17 1568.604475321934
9 18 2471.469198675152
9 19 2237.656363251516
9 20 281.3112155602759
9 21 1807.97345113251
9 22 2724.370385979116
9 23 950.8533009881178
9 24 2442.029483851495
9 25 506.3200568810207
9 26 2902.396940461452
9 27 394.8328760374445
9 28 1033.992746589646
9 29 671.2525605165316
9 30 878.0802924562195
9 31 2002.808278393117
9 32 1325.47350030093
9 33 1723.487452811885
9 34 381.2833591962807
9 35 555.7139551963762
9 36 2265.535918938387
9 37 1427.878496231385
9 38 2419.356319354386
9 39 977.4916879441994
9 40 1208.590915074245
9 41 1277.435712668156
9 42 1807.63740833166
9 43 832.3250566935973
9 44 1116.881820068713
9 45 1165.087550358341
9 46 690.9739503049301
9 47 1324.547092405551
9 48 1163.597868681444
9 49 1840.872890777633
9 50 1005.68384694197
9 51 341.6972344049627
9 52 1246.645498929026
9 53 2417.446793623388
9 54 1311.875756312312
9 55 297.5583976297762
9 56 2112.596743346917
9 57 99.76472322419383
9 58 765.8733576773643
9 59 1872.343985489846
9 60 687.6081733080258
9 61 517.3490117899134
9 62 569.5261188040457
9 63 1645.478957629055
9 64 1137.226450624501
9 65 2658.798600872206
9 66 2704.793152904673
9 67 1092.440387389628
9 68 696.5809357138623
9 69 845.185186808193
9 70 2801.494779577502
9 71 1219.059473528671
9 72 1848.368199250355
9 73 886.2759164052694
9 74 1817.945268703104
9 75 2045.10953251898
9 76 1776.014921108491
9 77 569.5726468151363
9 78 1227.731648203303
9 79 2369.324798333905
9 80 2034.61740875281
9 81 543.7370688117558
9 82 1466.806394859253
9 83 299.9233235345328
9 84 2105.547197286254
9 85 675.883125991469
9 86 415.4094365803454
9 87 195.4891301325984
9 88 2608.582181952487
9 89 1827.887578599953
9 90 2015.521024450006
9 91 1112.763227286021
9 92 1692.606569761562
9 93 1020.769317720708
9 94 2730.505630831037
9 95 1668.261670122526
9 96 1176.477794095579
9 97 2201.181500921721
9 98 1013.984220784525
9 99 2546.214445014402
9 100 1240.41605923174
10 1 749.1061340023855
10 2 2441.83148476712
10 3 2793.510336476312
10 4 1030.068929732375
10 5 3218.195301718029
10 6 436.0229351765799
10 7 1989.205368985314
10 8 969.6927348392376
10 9 1980.891970805071
10 11 721.2613950572982
10 12 2024.655279300652
10 13 3286.984180065368
10 14 2952.336193593135
10 15 802.1726746779648
10 16 769.8012730568845
10 17 794.7685197590554
10 18 493.3771376948875
10 19 664.2537165872691
10 20 1871.214846029178
10 21 420.3867267171979
10 22 829.6077386331447
10 23 1136.55488208885
10 24 473.6253793875493
10 25 1874.709844215899
10 26 1416.404250205428
10 27 2003.397114902585
10 28 1117.594738713457
10 29 2651.649486640344
10 30 2792.855169893347
10 31 1366.023425860626
10 32 795.6161134617624
10 33 3371.099820533352
10 34 2355.762721498072
10 35 1944.726458913952
10 36 441.1915683691156
10 37 3220.139437974698
10 38 478.48092960953
10 39 2786.951201582116
10 40 2107.210715614364
10 41 3244.04269392374
10 42 1197.601770205772
10 43 2755.667977097386
10 44 2409.843978352126
10 45 1017.208926425638
10 46 2654.480363460992
10 47 656.4099328925485
10 48 3136.007812490269
10 49 420.5948168962618
10 50 2437.387330729361
10 51 1749.771413642365
10 52 3141.82431081052
10 53 617.2876152977638
10 54 2141.975956914549
10 55 2226.894249846634
10 56 1078.644519756161
10 57 1896.263694742901
10 58 1401.861976087518
10 59 542.7200014740566
10 60 1481.270400703396
10 61 1712.779320286183
10 62 1626.0162975813
10 63 465.4653585391721
10 64 2114.00780509439
10 65 1136.890935842133
10 66 1102.390584139759
10 67 1340.553989960867
10 68 2315.188545237731
10 69 1973.39833789329
10 70 969.9288633709175
10 71 3192.026472321306
10 72 269.6516271043066
10 73 2259.184366093215
10 74 480.58506010903
10 75 712.198006175249
10 76 3383.748513113822
10 77 1469.70609306759
10 78 3113.283154484988
10 79 454.2345209250394
10 80 1301.623985642551
10 81 1908.689864802556
10 82 2927.252636859347
10 83 2240.564437814722
10 84 140.0357097314824
10 85 2415.414043181831
10 86 1926.37119995083
10 87 1848.41148016344
10 88 713.0848476864446
10 89 1376.939359594314
10 90 300.0266654815868
10 91 945.0105819513345
10 92 764.6973257439835
10 93 1095.562412644757
10 94 791.7701686727027
10 95 3172.558588899502
10 96 3050.339817135134
10 97 933.773527146706
10 98 1035.70507385066
10 99 725.8271144012189
10 100 3220.439876787021
11 1 902.2693611111928
11 2 2358.835517792625
11 3 2264.730005983053
11 4 1695.417352748284
11 5 2883.283718262911
11 6 907.1813490146278
11 7 1511.092320144603
11 8 1307.468546466797
11 9 1518.626023746465
11 10 721.2613950572982
11 12 1483.066080793435
11 13 3056.08654982152
11 14 2450.31120472482
11 15 113.0707742964556
11 16 1487.71099343925
11 17 115.2605743522042
11 18 1161.234257159166
11 19 1323.964123380993
11 20 1334.151790464638
11 21 348.9312253152475
11 22 1544.612896488955
11 23 569.0140595802533
11 24 1060.317405308429
11 25 1592.270391610671
11 26 2102.425504030999
11 27 1427.017168782492
11 28 1026.077969746939
11 29 2158.991662790757
11 30 2390.684002539859
11 31 1771.007058145167
11 32 201.8539075668341
11 33 3126.634612486723
11 34 1859.024475363356
11 35 1329.079756824247
11 36 804.4799562450266
11 37 2899.677913148286
11 38 1004.972636443401
11 39 2446.651793778592
11 40 2052.777874003907
11 41 2705.464285478557
11 42 1553.669205461703
11 43 2196.000910746624
11 44 2252.609597777653
11 45 370.0054053659217
11 46 2130.136145883638
11 47 485.2422075623678
11 48 2672.887015943622
11 49 931.1809705959416
11 50 2231.726909816701
11 51 1391.604110370474
11 52 2757.152516637409
11 53 1334.044227152908
11 54 2118.403408229887
11 55 1706.966900674995
11 56 1592.136928784707
11 57 1421.526644140024
11 58 1199.965416168316
11 59 361.2713661501559
11 60 888.380549089184
11 61 1431.616219522537
11 62 1039.232890164664
11 63 791.7676426831296
11 64 2031.86343044999
11 65 1819.138532382842
11 66 1800.883394337346
11 67 1324.605979150026
11 68 2027.11617821969
11 69 1807.753578339703
11 70 1690.795079245264
11 71 2664.747830471018
11 72 467.0867157177562
11 73 2054.658122413556
11 74 328.6943869310822
11 75 1280.112495056587
11 76 3158.015832765884
11 77 951.1561386018597
11 78 2735.055758115363
11 79 1173.364819653291
11 80 1733.537712309715
11 81 1638.250591332107
11 82 2745.896210711541
11 83 1725.0011594199
11 84 781.2195594069569
11 85 2088.983724206582
11 86 1346.001485883281
11 87 1442.338725819979
11 88 1430.236344105407
11 89 1707.304307966216
11 90 954.1121527367734
11 91 415.4960890309318
11 92 1127.817361100635
11 93 982.153246698294
11 94 1491.464381069826
11 95 2984.600810828812
11 96 2679.090330690624
11 97 1516.319557349308
11 98 509.7342444843195
11 99 1053.229794489313
11 100 2712.872462907167
12 1 1546.992243031619
12 2 1606.488095193986
12 3 782.4659737010933
12 4 2649.138916704822
12 5 1552.618433485832
12 6 1891.778263962243
12 7 216.1133961604417
12 8 1858.841843729584
12 9 266.270539113887
12 10 2024.655279300652
12 11 1483.066080793435
12 13 1876.009061811803
12 14 969.1491113342673
12 15 1501.455960060101
12 16 2735.858366217082
12 17 1514.443792288113
12 18 2518.003177122698
12 19 2352.08715824903
12 20 153.5838533179839
12 21 1800.001111110768
12 22 2804.087373817014
12 23 921.0917435304694
12 24 2469.69633760914
12 25 767.6066701117181
12 26 3050.373091934821
12 27 136.4880947189168
12 28 1188.353903515278
12 29 685.8104694447293
12 30 1005.19898527605
12 31 2201.488814416281
12 32 1304.34504637385
12 33 1916.314431402112
12 34 395.4099138868422
12 35 312.1954516004357
12 36 2265.173061821105
12 37 1589.216473612075
12 38 2437.032006355271
12 39 1154.612489106194
12 40 1473.784244725123
12 41 1227.824906083925
12 42 1996.183608789532
12 43 731.0164156843539
12 44 1376.802454965853
12 45 1114.842141291761
12 46 647.0927290582084
12 47 1375.181806162371
12 48 1207.3591015104
12 49 1938.078687773022
12 50 1258.813727284542
12 51 570.7372425205841
12 52 1366.931234554248
12 53 2508.791143160387
12 54 1576.911538419324
12 55 229.9239004540415
12 56 2279.369430346911
12 57 240.7509086171846
12 58 955.1177937825261
12 59 1843.949023156551
12 60 598.8196723555432
12 61 756.128295992155
12 62 452.0929108048477
12 63 1737.551438087517
12 64 1403.002494652094
12 65 2796.120526729847
12 66 2833.128659274054
12 67 1296.087188425223
12 68 943.4007631966385
12 69 1109.876569713948
12 70 2896.076138501887
12 71 1183.264129431802
12 72 1861.197732644224
12 73 1147.965591818849
12 74 1800.284699707244
12 75 2174.949424699342
12 76 1975.965839785698
12 77 555.6446706304308
12 78 1354.709193886275
12 79 2438.237068047322
12 80 2226.230895482317
12 81 807.3722809212612
12 82 1700.402599386392
12 83 250.8744706023313
12 84 2140.160040744617
12 85 899.5521107751346
12 86 185.9704277566732
12 87 435.7843503385591
12 88 2686.401496426028
12 89 2033.100341842478
12 90 2096.93228312218
12 91 1104.00090579673
12 92 1832.687916695038
12 93 1166.276982538882
12 94 2797.848637792974
12 95 1889.647850791252
12 96 1312.493809509211
12 97 2348.603840582741
12 98 1005.560540196362
12 99 2532.47783800767
12 100 1229.993495917763
13 1 2553.845140175888
13 2 969.751514564427
13 3 1532.65423367438
13 4 3362.05130835328
13 5 502.332559167729
13 6 2940.778298342124
13 7 1709.036278140403
13 8 2553.933632653754
13 9 1674.207275100667
13 10 3286.984180065368
13 11 3056.08654982152
13 12 1876.009061811803
13 14 1370.372212210974
13 15 3122.306839501845
13 16 3756.476141279218
13 17 3133.574636098524
13 18 3720.485183413582
13 19 3243.398217918977
13 20 1950.940798691749
13 21 3267.832615052369
13 22 3824.393808174048
13 23 2531.763812048825
13 24 3755.486919162414
13 25 1464.175535924569
13 26 3639.889284030491
13 27 2008.757078394498
13 28 2170.080413256615
13 29 1397.140651473573
13 30 956.6216598007804
13 31 2561.278001311064
13 32 2854.35842178238
13 33 100.6628034578811
13 34 1542.653882113548
13 35 2186.907405447245
13 36 3672.724465570484
13 37 433.1754840708325
13 38 3765.053120475195
13 39 733.48483283569
13 40 1274.76193855951
13 41 1580.213909570473
13 42 2494.470885779187
13 43 1701.277461203786
13 44 894.910610061139
13 45 2751.827937935074
13 46 1541.71754870988
13 47 2702.533071027994
13 48 1150.513798265801
13 49 2982.436084813889
13 50 849.6316849082313
13 51 1674.83879821313
13 52 755.0079469780434
13 53 3501.007997705804
13 54 1296.445910942682
13 55 1693.549231643415
13 56 2863.711752254406
13 57 1767.786469005802
13 58 1900.228407323709
13 59 3371.639660461954
13 60 2342.807076991189
13 61 1626.493160145471
13 62 2240.202223014699
13 63 2840.719803148491
13 64 1234.187181913667
13 65 3489.320850824699
13 66 3578.136386444765
13 67 1967.416580188344
13 68 1033.007744404658
13 69 1314.330247692717
13 70 3829.44395441427
13 71 1507.060715432527
13 72 3254.742539741047
13 73 1028.408965344041
13 74 3298.394306325428
13 75 3009.979568036966
13 76 102.8250942134263
13 77 2186.839957564339
13 78 730.0335608723752
13 79 3547.62032917842
13 80 2637.9025759114
13 81 1419.323782651443
13 82 399.8462204398086
13 83 1670.751926528891
13 84 3426.636981064671
13 85 1002.726283688625
13 86 2059.719641116237
13 87 1660.761873358128
13 88 3727.58433841543
13 89 2386.256691975949
13 90 3189.994514101866
13 91 2644.319194045984
13 92 2682.303674083156
13 93 2195.081775242098
13 94 3880.202700890767
13 95 215.6409052104911
13 96 715.4369294354325
13 97 3047.170818972904
13 98 2557.735326416711
13 99 3971.847177321907
13 100 1395.545054808335
14 1 2378.37024031163
14 2 1661.984957813999
14 3 221.2984410247844
14 4 3441.609652473679
14 5 890.9062801439891
14 6 2758.119830609251
14 7 963.3509225614516
14 8 2600.321710865792
14 9 972.2602532244132
14 10 2952.336193593135
14 11 2450.31120472482
14 12 969.1491113342673
14 13 1370.372212210974
14 15 2470.595070018557
14 16 3622.684225819303
14 17 2483.580077227227
14 18 3443.488057188525
14 19 3190.107208229842
14 20 1116.198011107348
14 21 2760.056883471788
14 22 3692.407886461083
14 23 1884.42564193974
14 24 3410.87232244187
14 25 1254.770895422746
14 26 3816.032756672825
14 27 1046.560557254094
14 28 1972.456590143367
14 29 301.0415253748226
14 30 482.3743359674103
14 31 2838.505416588103
14 32 2267.400714474616
14 33 1360.581125842925
14 34 598.0209026447153
14 35 1192.558593948323
14 36 3222.913123247352
14 37 954.5098218457472
14 38 3385.059083679338
14 39 740.6483646103595
14 40 1727.451880661224
14 41 343.6335257218073
14 42 2672.004678139617
14 43 379.3481250777444
14 44 1410.115243517352
14 45 2083.27938596819
14 46 329.9530269598993
14 47 2295.936628045295
14 48 287.5865087238968
14 49 2805.193219726584
14 50 1248.359723797592
14 51 1250.960031335934
14 52 633.5147985643272
14 53 3381.939236591929
14 54 1819.148152295464
14 55 743.3471598116186
14 56 3008.841139043403
14 57 1056.381086540269
14 58 1679.315336677421
14 59 2810.483588281561
14 60 1567.94929764964
14 61 1367.230777886455
14 62 1420.273917242727
14 63 2612.658607625573
14 64 1647.539377374635
14 65 3587.556271335684
14 66 3642.557892470619
14 67 1958.180788384974
14 68 1013.876225187276
14 69 1450.674325960172
14 70 3763.346516067847
14 71 267.5518641310503
14 72 2811.120239335201
14 73 1273.979984144178
14 74 2763.838815850158
14 75 2986.955808176613
14 76 1446.326726573218
14 77 1507.455140294397
14 78 649.0585489769009
14 79 3340.396683030325
14 80 2885.916492208325
14 81 1254.782849739348
14 82 1415.411247659139
14 83 725.5811463923246
14 84 3075.611321347351
14 85 863.0202778614185
14 86 1125.879656091183
14 87 1124.46342759558
14 88 3577.375155054331
14 89 2652.869578399963
14 90 2984.551055016483
14 91 2061.380120210729
14 92 2629.438152914041
14 93 1967.07701933605
14 94 3701.491185995179
14 95 1490.620340663578
14 96 655.0801477681948
14 97 3122.904097150599
14 98 1962.030071125313
14 99 3495.991132711867
14 100 268.1678578800972
15 1 1014.75366468912
15 2 2445.813157213772
15 3 2279.527363292663
15 4 1794.274505197017
15 5 2934.403176116056
15 6 1014.676795832052
15 7 1545.006472478352
15 8 1420.535462422533
15 9 1555.99807197824
15 10 802.1726746779648
15 11 113.0707742964556
15 12 1501.455960060101
15 13 3122.306839501845
15 14 2470.595070018557
15 16 1560.853932948243
15 17 13.0384048104053
15 18 1219.446595796634
15 19 1422.139233689866
15 20 1355.950589070266
15 21 402.2263044605611
15 22 1615.357545560734
15 23 606.9233889050578
15 24 1105.601193921208
15 25 1661.002709209109
15 26 2198.408970141816
15 27 1436.02263213363
15 28 1125.430139990928
15 29 2183.249413145461
15 30 2432.382576816402
15 31 1884.021496692646
15 32 280.0321410124202
15 33 3190.699766508908
15 34 1884.710322569492
15 35 1326.21717678516
15 36 830.8315111982694
15 37 2953.098880836874
15 38 1042.700819986251
15 39 2499.039815609187
15 40 2144.226200754016
15 41 2715.523522269693
15 42 1666.733631988027
15 43 2203.003631408718
15 44 2332.03451947007
15 45 391.2812287856395
15 46 2146.922681421015
15 47 595.1848452371751
15 48 2700.788403411123
15 49 1037.102212898999
15 50 2305.312560153178
15 51 1451.16125913008
15 52 2800.166602186377
15 53 1418.816760543799
15 54 2212.257670344935
15 55 1728.448147906092
15 56 1702.575989493567
15 57 1457.503687816947
15 58 1285.222159784058
15 59 370.4726710568541
15 60 902.765196493529
15 61 1502.704229048418
15 62 1051.700527716897
15 63 902.7031627284797
15 64 2120.785231936511
15 65 1915.411183010061
15 66 1893.370539540531
15 67 1425.294355563089
15 68 2090.680511221167
15 69 1889.442245743436
15 70 1767.321419549936
15 71 2677.849883768693
15 72 538.1644730005875
15 73 2129.606771213878
15 74 364.9177989629993
15 75 1386.394244073453
15 76 3224.587570527431
15 77 986.4263783983071
15 78 2779.341828563014
15 79 1248.90752259725
15 80 1846.289793071499
15 81 1708.16860994458
15 82 2819.887409099874
15 83 1747.396921137267
15 84 848.0666247412405
15 85 2146.055917258449
15 86 1354.889294370577
15 87 1492.381318564394
15 88 1502.969394232631
15 89 1820.122248641558
15 90 1049.487970393182
15 91 478.873678541638
15 92 1240.451933772526
15 93 1080.599833425862
15 94 1555.117037396221
15 95 3056.804377123273
15 96 2724.89449337034
15 97 1622.852427055522
15 98 565.0999911520084
15 99 1057.651171228019
15 100 2730.563678070885
16 1 1259.356184722972
16 2 2830.614950854319
16 3 3482.276554209904
16 4 624.771958397622
16 5 3770.098274581181
16 6 867.138973867511
16 7 2670.955634225324
16 8 1210.841855900266
16 9 2654.910356302073
16 10 769.8012730568845
16 11 1487.71099343925
16 12 2735.858366217082
16 13 3756.476141279218
16 14 3622.684225819303
16 15 1560.853932948243
16 17 1552.216801867574
16 18 399.4058086708304
16 19 523.3211251229975
16 20 2584.531872506122
16 21 1162.010757265181
16 22 70.178344238091
16 23 1885.910125112011
16 24 578.0700649575274
16 25 2452.438990066828
16 26 839.8029530788755
16 27 2730.456738349832
16 28 1674.987761149317
16 29 3322.441421605504
16 30 3403.923912193103
16 31 1387.548197361086
16 32 1562.868196618
16 33 3848.766036017259
16 34 3035.951251255527
16 35 2688.484517344297
16 36 876.6207846041525
16 37 3761.276379103243
16 38 674.1112667801956
16 39 3356.250437616359
16 40 2498.687055235209
16 41 3931.969608224357
16 42 1333.688119464217
16 43 3462.080299473136
16 44 2861.571945627089
16 45 1783.543663609052
16 46 3343.225388752604
16 47 1367.090340833407
16 48 3778.615751832938
16 49 820.2889734721539
16 50 2924.849568781273
16 51 2380.73980098624
16 52 3731.498626557432
16 53 255.6912200291594
16 54 2503.866010792111
16 55 2922.547518860899
16 56 1020.654691852244
16 57 2579.867050838086
16 58 1977.583626550341
16 59 1247.615726095179
16 60 2226.070978203525
16 61 2302.570085795436
16 62 2365.289200076811
16 63 1010.03168267139
16 64 2527.810317250881
16 65 630.8922253443927
16 66 534.1956570396281
16 67 1802.515187175964
16 68 2868.854126650569
16 69 2464.075688772567
16 70 214.8487840319326
16 71 3873.843698447319
16 72 1023.137331935454
16 73 2756.812652321517
16 74 1211.136656203585
16 75 755.7909763949289
16 76 3845.841910427416
16 77 2189.994063918896
16 78 3699.185045384997
16 79 315.6279455308101
16 80 1301.410388770583
16 81 2476.307129578236
16 82 3370.580068771546
16 83 2933.648411108598
16 84 714.582395529025
16 85 2990.088460229897
16 86 2656.633207652122
16 87 2499.228881075121
16 88 58.13776741499453
16 89 1495.198983413245
16 90 640.1015544427306
16 91 1696.621643148525
16 92 1075.375283331359
16 93 1670.48046980502
16 94 160.7046981267194
16 95 3611.100940156617
16 96 3633.055050505016
16 97 804.5551565927597
16 98 1780.898930315811
16 99 950.9621443569665
16 100 3889.774415052883
17 1 1017.528869369317
17 2 2455.095924806198
17 3 2292.553379967411
17 4 1789.489592034555
17 5 2946.543059247565
17 6 1012.354187031397
17 7 1557.711462370358
17 8 1421.951124335854
17 9 1568.604475321934
17 10 794.7685197590554
17 11 115.2605743522042
17 12 1514.443792288113
17 13 3133.574636098524
17 14 2483.580077227227
17 15 13.0384048104053
17 16 1552.216801867574
17 18 1209.44615423755
17 19 1417.271321942274
17 20 1368.891522363989
17 21 392.6219555755893
17 22 1606.450123719999
17 23 619.3173661379116
17 24 1094.65793743982
17 25 1672.004784682149
17 26 2192.993388042928
17 27 1449.060730266334
17 28 1132.685746356861
17 29 2196.179409793289
17 30 2444.889568058239
17 31 1885.128377591298
17 32 289.1781457856039
17 33 3202.117580601936
17 34 1897.610339347886
17 35 1339.19752090571
17 36 818.9120831933059
17 37 2965.128159118928
17 38 1031.302574417421
17 39 2511.105334309973
17 40 2152.896653348692
17 41 2728.561892279521
17 42 1668.375557241235
17 43 2216.038131440883
17 44 2342.153923208293
17 45 404.0111384603152
17 46 2159.935415701127
17 47 599.4705997795055
17 48 2713.666154853983
17 49 1034.261572330714
17 50 2315.97236598367
17 51 1462.762113263808
17 52 2812.637374422803
17 53 1411.667453758143
17 54 2220.573349385244
17 55 1741.406615354381
17 56 1701.365627958905
17 57 1470.144550716017
17 58 1294.60186930191
17 59 358.2401429209183
17 60 915.7647077715978
17 61 1513.502560288551
17 62 1064.721559845578
17 63 901.8852476895273
17 64 2129.800929664554
17 65 1910.08115010855
17 66 1887.345755287038
17 67 1432.330269176771
17 68 2102.085868845514
17 69 1899.297238454266
17 70 1759.036383932976
17 71 2690.884241285753
17 72 529.9179181722392
17 73 2140.136677878308
17 74 354.1539213392956
17 75 1383.582668292719
17 76 3235.833277534552
17 77 999.0320315185094
17 78 2791.765212191025
17 79 1240.620812335502
17 80 1846.849208787767
17 81 1719.084058445078
17 82 2830.535815000404
17 83 1760.343716437219
17 84 839.0309887006558
17 85 2157.860514491148
17 86 1367.927264148208
17 87 1504.494599525037
17 88 1494.298832228681
17 89 1822.46234529002
17 90 1044.176709182885
17 91 489.8020008125732
17 92 1240.890406119735
17 93 1088.015624887805
17 94 1545.517712612832
17 95 3067.612263634373
17 96 2737.257751838507
17 97 1620.086417448156
17 98 576.6420033261538
17 99 1044.888510799119
17 100 2743.574311003804
18 1 1167.469485682602
18 2 2836.891256287417
18 3 3286.384791834334
18 4 928.9031165842862
18 5 3681.028660578453
18 6 781.9520445653941
18 7 2480.831513827572
18 8 1257.132053525007
18 9 2471.469198675152
18 10 493.3771376948875
18 11 1161.234257159166
18 12 2518.003177122698
18 13 3720.485183413582
18 14 3443.488057188525
18 15 1219.446595796634
18 16 399.4058086708304
18 17 1209.44615423755
18 19 671.096118301991
18 20 2364.544776484472
18 21 817.664968064549
18 22 431.6132528085763
18 23 1624.766444754445
18 24 181.3394606807906
18 25 2340.538399599545
18 26 1218.249563923583
18 27 2495.53621492456
18 28 1567.843423304764
18 29 3142.60847068164
18 30 3271.963477791279
18 31 1548.566110955551
18 32 1269.538498825459
18 33 3808.04739991508
18 34 2847.601271245678
18 35 2432.793045041029
18 36 478.979122718308
18 37 3679.441941381872
