1 2 2606.92941983476
1 3 548.5125340409278
1 4 2009.494463789338
1 5 1367.890712008821
1 6 2233.32039797249
1 7 1130.630355155919
1 8 580.679774057957
1 9 515.1970496809935
1 10 582.0687244647319
1 11 721.5019057493888
1 12 262.8649843550867
1 13 2790.409468160542
1 14 2301.459754156044
1 15 2489.765450800537
1 16 2438.901802041238
1 17 2948.687843770514
1 18 2589.153722744171
1 19 3007.57876039847
1 20 783.1711179557121
1 21 258.0949437706985
1 22 1980.493372874547
1 23 1987.896627091057
1 24 2459.222844721478
1 25 526.5405967254567
1 26 1184.122037629568
1 27 661.7869747887155
1 28 814.3168916337178
1 29 492.3190022739321
1 30 881.4578832820091
1 31 3069.991042332209
1 32 439.7203656871035
1 33 2432.875048168319
1 34 838.2988727178392
1 35 843.9763029848647
1 36 2910.245522288455
1 37 1129.449423391769
1 38 698.5527897016804
1 39 1123.950621691185
1 40 1099.941816643044
1 41 3098.665841939076
1 42 2516.896700303769
1 43 1673.255509478454
1 44 3350.021044710018
1 45 2850.509603562142
1 46 477.246267664819
1 47 1487.58193051677
1 48 2963.020418424416
1 49 655.3968263578944
1 50 1988.569837848296
1 51 3164.462829612634
1 52 1417.391971192161
1 53 1002.904282571373
1 54 1437.234149329886
1 55 2039.979656761312
1 56 1298.837172242926
1 57 1008.476573847901
1 58 1176.55471610971
1 59 592.0760086340266
1 60 1414.330230179642
1 61 809.6542471944429
1 62 1258.215005474025
1 63 2953.183028530403
1 64 2358.788884152204
1 65 1227.26117839684
1 66 1534.854390487905
1 67 1426.981779841635
1 68 651.9202405202649
1 69 1034.234016071798
1 70 1191.649696848868
1 71 438.5487430149583
1 72 1044.84448603608
1 73 838.6018125427586
1 74 1359.06585565233
1 75 939.9877658778331
1 76 674.0756634087898
1 77 2349.45780979357
1 78 2795.832970690488
1 79 1315.717294862388
1 80 821.647126204431
1 81 1472.162015540409
1 82 2579.432689565673
1 83 2065.308935728503
1 84 1155.770305899922
1 85 772.9113791373497
1 86 629.4958300100168
1 87 1627.733700578814
1 88 1867.113547698693
1 89 1718.81645326079
1 90 149.4958193395387
1 91 792.1237277092513
1 92 3020.107613976694
1 93 765.2091217438538
1 94 965.549066593718
1 95 95.96353474106714
1 96 2882.76048259303
1 97 737.1092185015732
1 98 229.4776677587604
1 99 617.8235994197696
1 100 1248.565576972231
2 1 2606.92941983476
2 3 3153.619666351667
2 4 1013.452021558002
2 5 3182.537666705612
2 6 932.0713492002637
2 7 1479.721595436115
2 8 3056.211052921575
2 9 2096.84644168332
2 10 2886.165102692498
2 11 3328.101560950327
2 12 2435.427067271775
2 13 183.96738841436
2 14 411.6916321714591
2 15 881.8508944260361
2 16 236.103790736193
2 17 510.9256305960781
2 18 522.5514328752721
2 19 882.3361037609194
2 20 2273.839484220467
2 21 2578.468149890551
2 22 1244.034163518028
2 23 1287.069539690844
2 24 608.4734998338054
2 25 2091.023194515068
2 26 2700.631407652662
2 27 1987.909706198951
2 28 3367.450816270373
2 29 2958.179338714947
2 30 2436.615070133155
2 31 553.6370652331724
2 32 2797.624885505561
2 33 707.0007072132248
2 34 1768.991803259699
2 35 2031.975639617759
2 36 604.2019529925404
2 37 1803.817341085288
2 38 2291.295921525633
2 39 3317.736879259716
2 40 3187.11546700147
2 41 664.822532710798
2 42 216.9469981354893
2 43 936.4000213583936
2 44 1093.457818116456
2 45 531.1798188937528
2 46 2148.345642581752
2 47 2039.827688801189
2 48 505.1702683254429
2 49 2546.693542615601
2 50 673.0267453823808
2 51 940.7071807953844
2 52 1227.516598665778
2 53 3354.727410684809
2 54 1296.173213733412
2 55 888.2206932964352
2 56 2637.2760568435
2 57 1620.232082141321
2 58 1445.009342530352
2 59 2907.098381548172
2 60 1253.512265596153
2 61 1976.710651562337
2 62 2881.477398835535
2 63 394.3158632365682
2 64 464.6633189740718
2 65 2070.368324719058
2 66 1433.633495702441
2 67 3389.174825824127
2 68 2826.450247218231
2 69 2695.543915427831
2 70 3424.839266301413
2 71 2247.65522267095
2 72 1801.749427639704
2 73 3362.15228685436
2 74 1347.862381699259
2 75 2440.731447742664
2 76 3046.304810750231
2 77 488.6726920956398
2 78 259.0077218926108
2 79 2230.848493286803
2 80 2279.900217114775
2 81 2318.355451607885
2 82 457.0536073591368
2 83 800.232466224659
2 84 1456.934452883863
2 85 3321.788825316865
2 86 2543.680011322179
2 87 1118.050088323417
2 88 1282.622313855486
2 89 906.8875343723719
2 90 2511.653638541748
2 91 3325.891910450488
2 92 830.7207713786865
2 93 3370.407690473068
2 94 1716.611196514808
2 95 2693.566409056959
2 96 742.2351379448429
2 97 3188.223486520354
2 98 2621.391424415667
2 99 3074.829588773986
2 100 2661.168352434697
3 1 548.5125340409278
3 2 3153.619666351667
3 4 2514.877730626282
3 5 1413.266075443687
3 6 2738.521133750843
3 7 1678.964264062818
3 8 369.4116944548453
3 9 1063.530911633508
3 10 664.6878966853541
3 11 189.7076698502198
3 12 739.4322146079382
3 13 3337.276883927973
3 14 2840.912705452246
3 15 2996.225959436304
3 16 2987.286394037237
3 17 3496.680997746291
3 18 3134.846248223348
3 19 3547.558033351957
3 20 1203.247688549619
3 21 661.366010617419
3 22 2496.89807561302
3 23 2500.314580207858
3 24 3003.092572665718
3 25 1073.957634173714
3 26 1416.943541571082
3 27 1186.001686339442
3 28 343.956392584874
3 29 385.1752847730498
3 30 1225.401974863759
3 31 3609.489853150996
3 32 527.7650992629202
3 33 2952.13431266262
3 34 1386.099924247888
3 35 1291.604428608078
3 36 3456.43761696924
3 37 1627.880216723577
3 38 1127.844847485681
3 39 1020.684574195182
3 40 1077.03760380035
3 41 3646.104770847925
3 42 3059.154294899164
3 43 2221.131693529224
3 44 3890.691069720134
3 45 3397.412103351608
3 46 1022.315998114086
3 47 1908.882919406007
3 48 3500.489680030495
3 49 973.8362285312659
3 50 2536.924910201325
3 51 3683.830750726749
3 52 1964.988040676075
3 53 810.704015038781
3 54 1977.831135360145
3 55 2579.167501346122
3 56 1559.602513462966
3 57 1545.622528303725
3 58 1724.925795505418
3 59 570.3507692639679
3 60 1946.147990261789
3 61 1286.823220182166
3 62 1422.529085818634
3 63 3495.950228478661
3 64 2893.622124604386
3 65 1656.044685387445
3 66 2018.437019081844
3 67 1382.729546946907
3 68 792.0770164573645
3 69 1263.801408449919
3 70 1039.810078812472
3 71 935.989850372321
3 72 1555.308972519608
3 73 497.3982307970144
3 74 1882.192870032187
3 75 1277.452543149842
3 76 525.2237618387044
3 77 2896.606635358001
3 78 3344.212911882256
3 79 1699.014420186009
3 80 1233.201524488192
3 81 1829.762006382251
3 82 3112.013014111606
3 83 2588.266794594406
3 84 1704.240886729338
3 85 409.6950085124299
3 86 953.3021556673414
3 87 2150.883771848214
3 88 2383.611755299088
3 89 2260.863551831468
3 90 664.2326399688591
3 91 359.3021013019546
3 92 3562.089836037267
3 93 241.9194080680589
3 94 1485.094273101879
3 95 460.0532577865307
3 96 3425.209190691862
3 97 450.5685297488052
3 98 571.1129485487087
3 99 403.1128874149275
3 100 1498.970980372869
4 1 2009.494463789338
4 2 1013.452021558002
4 3 2514.877730626282
4 5 2976.093580517925
4 6 223.9732126840172
4 7 1078.885072656027
4 8 2325.000860214895
4 9 1572.468123683275
4 10 2448.640439100849
4 11 2702.986681432226
4 12 1777.990438669455
4 13 1160.543407201988
4 14 604.6924838295909
4 15 481.4145822469444
4 16 1028.580575356156
4 17 1521.216618368338
4 18 1389.512504441756
4 19 1843.256357645349
4 20 1990.508728943433
4 21 2076.174607300648
4 22 1621.972256236216
4 23 1667.44625100781
4 24 1375.184714865607
4 25 1581.089814020696
4 26 2538.498965924548
4 27 1348.754240030407
4 28 2652.127447917992
4 29 2235.452974231397
4 30 2190.807157191157
4 31 1230.943134348618
4 32 2063.151472868631
4 33 464.6988271988644
4 34 1271.530180530529
4 35 1244.001607716003
4 36 1591.800552833175
4 37 1660.092768492171
4 38 1969.260775011781
4 39 2966.851698349616
4 40 2870.969870966952
4 41 1677.808689928622
4 42 811.4733513800684
4 43 792.315593687263
4 44 2096.813057952473
4 45 1515.361673000871
4 46 1642.461567282474
4 47 2096.467505114258
4 48 1106.523384298768
4 49 2199.688387022125
4 50 943.5094064183992
4 51 1179.549490271604
4 52 1046.978509808105
4 53 2932.595607989619
4 54 1225.679403433051
4 55 1307.143832942649
4 56 2532.242089532515
4 57 1039.105865636413
4 58 1105.066966296613
4 59 2137.988306796836
4 60 652.0996856309624
4 61 1230.573849876552
4 62 2710.25847475845
4 63 1179.648252658393
4 64 559.3576673292322
4 65 1999.510440082772
4 66 519.8711378793787
4 67 3142.412608172262
4 68 2432.115951183249
4 69 2475.60012926159
4 70 3063.185433498926
4 71 1582.207634920272
4 72 1598.264058283236
4 73 2840.936641320957
4 74 666.5133156959432
4 75 2218.881024300312
4 76 2275.624309942219
4 77 1183.089176689568
4 78 1272.437817734132
4 79 2190.796202297238
4 80 2014.428951340801
4 81 2335.935144647642
4 82 706.2301324639158
4 83 221.054291973714
4 84 1077.046424254776
4 85 2780.463990056336
4 86 2186.743011878625
4 87 420.0202376076658
4 88 1584.463631643213
4 89 583.1312030752599
4 90 1962.728967534744
4 91 2600.02769216022
4 92 1805.664974462317
4 93 2752.556084805539
4 94 1045.541486503525
4 95 2076.690877333456
4 96 1692.026004528299
4 97 2431.720789893445
4 98 1944.942158522973
4 99 2333.325952369278
4 100 2531.815159129908
5 1 1367.890712008821
5 2 3182.537666705612
5 3 1413.266075443687
5 4 2976.093580517925
5 6 3180.46301660623
5 7 1898.644253144859
5 8 1742.223866212376
5 9 1499.724307997973
5 10 805.4495639082561
5 11 1386.178199222596
5 12 1598.691027059325
5 13 3344.339994677575
5 14 3023.751312525552
5 15 3411.292570273034
5 16 2958.749228981733
5 17 3335.299836596404
5 18 2934.328202502235
5 19 3208.972577009657
5 20 985.6429373764112
5 21 1130.693592446689
5 22 2083.77278031939
5 23 2060.101453812409
5 24 2781.237494353907
5 25 1478.620979155916
5 26 483.7561369119776
5 27 1791.233373963315
5 28 1732.563707342388
5 29 1706.30976085821
5 30 786.3033765665768
5 31 3726.596302257597
5 32 1752.309618760338
5 33 3295.359767916092
5 34 1728.979467778609
5 35 2096.225417267905
5 36 3235.879169561188
5 37 1387.732322892279
5 38 1012.976307718991
5 39 465.1451386395433
5 40 345.6544517288906
5 41 3447.634696425942
5 42 3183.005497953153
5 43 2335.630321776115
5 44 3534.127332171267
5 45 3202.138348041821
5 46 1427.133140250061
5 47 1223.104656192593
5 48 3649.460919094764
5 49 816.6333326530334
5 50 2512.434078737192
5 51 3976.543725397723
5 52 2017.033713154046
5 53 699.1151550352774
5 54 1900.041315340274
5 55 2350.362099762503
5 56 578.0077854146949
5 57 1971.144337688136
5 58 1882.027098635936
5 59 1875.715596779
5 60 2325.021505276887
5 61 2021.253324054162
5 62 305.761344842673
5 63 3575.10908924469
5 64 3120.604108181619
5 65 1118.277693598509
5 66 2624.761512975988
5 67 228.8492953889087
5 68 716.2576352123585
5 69 503.0159043211258
5 70 530.7296863752771
5 71 1701.7931719219
5 72 1413.196730819881
5 73 1029.00826041388
5 74 2329.825100731813
5 75 763.8272055903743
5 76 1892.33532969186
5 77 2763.591322898521
5 78 3280.325746019746
5 79 984.5897622868115
5 80 962.1792972206375
5 81 969.2811769553765
5 82 3340.453262657629
5 83 2941.038252046375
5 84 1903.181546778972
5 85 1090.814833049129
5 86 837.072278838572
5 87 2556.122454030714
5 88 1994.837838020925
5 89 2486.786078455483
5 90 1282.807078246764
5 91 1763.940191729867
5 92 3251.059058214723
5 93 1368.345716549732
5 94 2031.314845118796
5 95 1394.372260194529
5 96 3133.910177398197
5 97 1857.068927099907
5 98 1592.383433724428
5 99 1782.79583800277
5 100 536.8062965353517
6 1 2233.32039797249
6 2 932.0713492002637
6 3 2738.521133750843
6 4 223.9732126840172
6 5 3180.46301660623
6 7 1281.914583737934
6 8 2545.380325216646
6 9 1792.840204814696
6 10 2668.072712652337
6 11 2926.72940327595
6 12 2001.887609232846
6 13 1054.763006556449
6 14 553.8312017212464
6 15 257.7518186162806
6 16 997.9949899673845
6 17 1441.976421443846
6 18 1369.479098051518
6 19 1799.347103812936
6 20 2195.887292189651
6 21 2297.55195806319
6 22 1720.949156715561
6 23 1767.488896711943
6 24 1380.053984451333
6 25 1800.740125615021
6 26 2735.9833698325
6 27 1572.372093367216
6 28 2872.804901137562
6 29 2456.541064179469
6 30 2394.259802110038
6 31 1058.803570073316
6 32 2283.982924629692
6 33 277.6274482107272
6 34 1487.657554681184
6 35 1464.661052940236
6 36 1531.865855745861
6 37 1845.184001664875
6 38 2178.032139340464
6 39 3182.70529581361
6 40 3084.118026275908
6 41 1591.490496358681
6 42 717.0641533363664
6 43 935.2903292561086
6 44 2025.437483606937
6 45 1456.780354068519
6 46 1862.249177741797
6 47 2261.398682231862
6 48 933.4077351297235
6 49 2412.155260342916
6 50 1016.477250114335
6 51 962.1668254518029
6 52 1217.538500417954
6 53 3152.422084683458
6 54 1387.291605971866
6 55 1383.474249850716
6 56 2723.305711814228
6 57 1258.280175477624
6 58 1301.410388770583
6 59 2356.070032914981
6 60 863.6538658513606
6 61 1453.554264552927
6 62 2909.802226956327
6 63 1029.847561535201
6 64 468.9232346557376
6 65 2180.717771743973
6 66 735.5718863578189
6 67 3351.027454378731
6 68 2649.01491124531
6 69 2678.578727609103
6 70 3279.972103539907
6 71 1806.151986960123
6 72 1789.731823486413
6 73 3064.177703724117
6 74 886.4874505597921
6 75 2420.163011038719
6 76 2493.128556653267
6 77 1191.828846772891
6 78 1187.010530703077
6 79 2370.464933298951
6 80 2218.289431070707
6 81 2509.551553564899
6 82 552.3812089490373
6 83 274.6506872374435
6 84 1277.510469624418
6 85 3004.046604165787
6 86 2399.901039626426
6 87 631.0190171460762
6 88 1696.463674824781
6 89 735.4250471666028
6 90 2185.492393031831
6 91 2820.159569953445
6 92 1754.330071565782
6 93 2976.367752815502
6 94 1268.974783043383
6 95 2300.661861291224
6 96 1651.608912545582
6 97 2650.005660371313
6 98 2168.377273446667
6 99 2553.001762631589
6 100 2725.656618138095
7 1 1130.630355155919
7 2 1479.721595436115
7 3 1678.964264062818
7 4 1078.885072656027
7 5 1898.644253144859
7 6 1281.914583737934
7 8 1619.800605012852
7 9 617.6026230514245
7 10 1436.554558657624
7 11 1850.237822551469
7 12 984.16106405405
7 13 1662.510150344953
7 14 1202.930588188695
7 15 1516.277349299923
7 16 1308.326029703606
7 17 1823.695424132001
7 18 1478.800865566422
7 19 1921.318557657735
7 20 914.0689251910931
7 21 1103.83785041101
7 22 1053.360811877867
7 23 1080.512841200881
7 24 1360.202926037141
7 25 611.3018894130788
7 26 1460.688193968857
7 27 567.6592287631727
7 28 1914.496539563339
7 29 1520.083221405986
7 30 1112.615387274506
7 31 1963.784611407269
7 32 1374.186668542524
7 33 1412.595483498372
7 34 294.2447960457415
7 35 773.9773898506338
7 36 1795.48433577127
7 37 618.0622945949705
7 38 899.4003557926803
7 39 1920.762869278767
7 40 1812.400893842198
7 41 1976.730887096167
7 42 1405.003202843325
7 43 543.6625791794024
7 44 2257.872007001283
7 45 1732.16627377397
7 46 668.9162877371128
7 47 1112.854437920791
7 48 1864.195536954211
7 49 1141.385123435556
7 50 862.3601335868907
7 51 2122.943710982465
7 52 313.0255580619576
7 53 1918.095930864773
7 54 424.5903908474614
7 55 978.7910910914545
7 56 1461.592624502464
7 57 266.3080922540657
7 58 81.70679286326198
7 59 1504.91494776283
7 60 433.5262391136204
7 61 676.4650767038902
7 62 1631.502375113196
7 63 1837.156770664932
7 64 1278.15492018769
7 65 958.7935127022919
7 66 809.6499243500242
7 67 2070.555963986485
7 68 1397.005726545171
7 69 1397.20614083964
7 70 2022.2175946223
7 71 814.3279437671288
7 72 536.6796064692602
7 73 1890.541721306356
7 74 467.0171303068015
7 75 1140.000877192645
7 76 1638.375109674216
7 77 1231.794219827322
7 78 1665.249831106432
7 79 1150.276923179805
7 80 936.4769084179278
7 81 1311.318420521881
7 82 1503.002994008994
7 83 1049.169195125362
7 84 31.14482300479487
7 85 1846.119443589715
7 86 1131.662493855832
7 87 659.9181767461781
7 88 954.4045263932899
7 89 622.0490334370756
7 90 1031.932168313402
7 91 1878.974454323422
7 92 1924.797391935058
7 93 1891.676505113916
7 94 424.6998940428406
7 95 1219.804902433172
7 96 1786.486216011755
7 97 1763.8268055566
7 98 1171.027326752028
7 99 1644.281301967519
7 100 1457.34724757005
8 1 580.679774057957
8 2 3056.211052921575
8 3 369.4116944548453
8 4 2325.000860214895
8 5 1742.223866212376
8 6 2545.380325216646
8 7 1619.800605012852
8 9 1042.56846297977
8 10 952.5024934350565
8 11 516.5675173682527
8 12 636.3874605929944
8 13 3239.915122345029
8 14 2713.713323105445
8 15 2801.977337524342
8 16 2910.897627880445
8 17 3438.804588806988
8 18 3098.446384883882
8 19 3534.589226487287
8 20 1354.537559464484
8 21 800.7121829971117
8 22 2544.076453253715
8 23 2554.229825211506
8 24 2977.100938832944
8 25 1062.058378809753
8 26 1678.514819714143
8 27 1070.460181417319
8 28 327.8795510549568
8 29 99.74467404327912
8 30 1426.402818281007
8 31 3476.331399622309
8 32 263.0076044527991
8 33 2778.178539979027
8 34 1328.753551265245
8 35 1081.0
8 36 3415.151241160485
8 37 1706.30155599765
8 38 1271.26118480822
8 39 1376.200566777968
8 40 1417.097385503198
8 41 3593.9483858286
8 42 2939.81291921782
8 43 2144.358412206318
8 44 3873.992256058342
8 45 3351.2245523092
8 46 1025.368714170664
8 47 2064.073884336508
8 48 3361.758617152635
8 49 1181.328912708057
8 50 2479.499344625846
8 51 3504.164950455386
8 52 1925.710518224377
8 53 1175.245506266669
8 54 1973.627371111376
8 55 2573.993395484923
8 56 1810.56593362407
8 57 1437.423389262885
8 58 1679.324268865308
8 59 222.0923231451281
8 60 1812.703229985537
8 61 1103.909869509282
8 62 1712.549561326621
8 63 3375.42249207414
8 64 2752.625292334574
8 65 1804.166566589682
8 66 1811.471501293907
8 67 1732.689239304036
8 68 1068.816635349581
8 69 1523.5750719935
8 70 1402.849243504091
8 71 811.5294202923268
8 72 1617.847026143078
8 73 866.6544870939052
8 74 1732.920367472204
8 75 1483.253181355092
8 76 156.6045976336582
8 77 2851.427186515552
8 78 3265.220513227246
8 79 1881.431635749755
8 80 1391.061824650508
8 81 2030.194571956097
8 82 2963.339332577355
8 83 2425.178343957409
8 84 1648.438048578108
8 85 778.9460828581141
8 86 1157.09031626749
8 87 1995.365129493848
8 88 2431.163096133207
8 89 2150.092323599152
8 90 729.5382101028019
8 91 275.3561330350207
8 92 3541.525236391801
8 93 568.5578246757317
8 94 1343.815463521684
8 95 489.8754943860736
8 96 3403.313826258167
8 97 156.5407295242998
8 98 451.3679208805163
8 99 41.77319714841084
8 100 1753.917044788607
9 1 515.1970496809935
9 2 2096.84644168332
9 3 1063.530911633508
9 4 1572.468123683275
9 5 1499.724307997973
9 6 1792.840204814696
9 7 617.6026230514245
9 8 1042.56846297977
9 10 876.9492573689769
9 11 1232.828049648449
9 12 420.0309512405008
9 13 2279.858986867389
9 14 1805.049860807175
9 15 2044.121327123221
9 16 1924.902594938248
9 17 2433.526658986912
9 18 2075.763233126553
9 19 2499.853195689699
9 20 595.6148084122825
9 21 506.9092620972712
9 22 1507.194081729357
9 23 1520.145058867738
9 24 1947.769236845063
9 25 30.14962686336267
9 26 1156.747595631821
9 27 293.9557789872484
9 28 1316.14132979707
9 29 944.0052965953104
9 30 784.0229588475072
9 31 2571.567031986528
9 32 822.2469215509415
9 33 1968.42703700188
9 34 330.0015151480368
9 35 620.7898195041539
9 36 2396.314879142556
9 37 715.6675205708304
9 38 528.5640926131854
9 39 1407.304160442937
9 40 1328.435169663917
9 41 2583.769726581686
9 42 2015.015880830719
9 43 1161.214881062071
9 44 2841.285800478368
9 45 2336.007063345486
9 46 73.7563556583431
9 47 1173.483702485893
9 48 2467.967990067943
9 49 683.2312931943326
9 50 1473.40490022261
9 51 2695.296829664592
9 52 902.5940394219319
9 53 1360.237111683107
9 54 932.6403379652844
9 55 1534.828003393214
9 56 1220.059834598287
9 57 535.414792474022
9 58 661.3962503673573
9 59 970.2752186879762
9 60 941.2810419848049
9 61 532.202968800438
9 62 1292.357922558608
9 63 2449.710595152007
9 64 1869.986363586644
9 65 927.4750670503224
9 66 1149.804331179875
9 67 1627.551842492275
9 68 870.9006832010181
9 69 1041.155127730734
9 70 1498.874577808297
9 71 329.2369967060202
9 72 613.2927522806706
9 73 1288.773447895323
9 74 906.368578449187
9 75 834.8802309313594
9 76 1090.487047149117
9 77 1834.832962424645
9 78 2281.799728284671
9 79 1074.364928690433
9 80 635.9402487655582
9 81 1249.057644786661
9 82 2093.269452316161
9 83 1598.559664197743
9 84 641.8138359368704
9 85 1238.374741344477
9 86 663.6181130740782
9 87 1167.520877757653
9 88 1395.127592731217
9 89 1220.151629921462
9 90 416.0588900624526
9 91 1286.396517408221
9 92 2510.241821020437
9 93 1274.075743431292
9 94 547.2668453323296
9 95 606.884667791171
9 96 2372.504162272429
9 97 1194.8062604456
9 98 593.6194066908528
9 99 1072.500815850505
9 100 1189.840325421861
10 1 582.0687244647319
10 2 2886.165102692498
10 3 664.6878966853541
10 4 2448.640439100849
10 5 805.4495639082561
10 6 2668.072712652337
10 7 1436.554558657624
10 8 952.5024934350565
10 9 876.9492573689769
10 11 708.8307273249376
10 12 834.2002157755654
10 13 3064.234488416316
10 14 2638.354979906987
10 15 2917.601754866486
10 16 2689.067124487598
10 17 3152.997938470623
10 18 2766.105023313468
10 19 3132.749910222647
10 20 669.4811423781853
10 21 389.3443206212208
10 22 2023.231573498199
10 23 2017.009915692037
10 24 2621.830848853526
10 25 867.5511512297128
10 26 753.0478072473221
10 27 1133.032214899471
10 28 1007.120648184715
10 29 907.2430765787083
10 30 614.9504045042983
10 31 3393.34245250903
10 32 946.8780280479635
10 33 2834.333960562869
10 34 1184.92067245027
10 35 1388.03602258731
10 36 3087.117263726793
10 37 1158.939170103418
10 38 620.9186742239276
10 39 550.8402672281684
10 40 518.1235373923868
10 41 3289.841637526038
10 42 2833.958538863968
10 43 1960.609089033303
10 44 3475.13006950819
10 45 3037.291062772878
10 46 806.2257748298549
10 47 1317.357961982999
10 48 3297.45993152305
10 49 385.6488039654732
10 50 2225.018202172737
10 51 3555.036005443545
10 52 1658.66572883146
10 53 484.8143974759826
10 54 1611.459586834246
10 55 2180.43688282876
10 56 897.8251500153023
10 57 1409.82161992218
10 58 1453.108736468128
10 59 1071.851668842289
10 60 1810.273460005421
10 61 1332.897595466358
10 62 763.0969794200472
10 63 3259.678818534121
10 64 2714.600707286433
10 65 1084.26288325295
10 66 2019.309287850675
10 67 845.6979366180339
10 68 129.3213052826177
10 69 601.1089751451062
10 70 631.0507111159926
10 71 975.1579359262786
10 72 1119.492742272142
10 73 515.139786854015
10 74 1782.15599766126
10 75 657.3712801758227
10 76 1097.1025476226
10 77 2549.54505745633
10 78 3039.427906695601
10 79 1085.08617169329
10 80 684.5056610430626
10 81 1195.418336817702
10 82 2939.416438683025
10 83 2465.178492523411
10 84 1452.819672223638
10 85 511.4098160966408
10 86 376.0917441263501
10 87 2039.917890504419
10 88 1913.793353525923
10 89 2058.510626642476
10 90 533.8773267333986
10 91 1023.538958711392
10 92 3158.398644883195
10 93 715.5452466476177
10 94 1419.398816400803
10 95 594.4182029514237
10 96 3026.487072498411
10 97 1080.933855515683
10 98 796.8437738979957
10 99 993.9869214431345
10 100 836.301381082203
11 1 721.5019057493888
11 2 3328.101560950327
11 3 189.7076698502198
11 4 2702.986681432226
11 5 1386.178199222596
11 6 2926.72940327595
11 7 1850.237822551469
11 8 516.5675173682527
11 9 1232.828049648449
11 10 708.8307273249376
11 12 925.9897407639029
11 13 3511.472625551849
11 14 3021.266290812513
11 15 3184.385812052302
11 16 3157.623315090006
11 17 3661.70028811753
11 18 3295.041122656894
11 19 3700.184454861676
11 20 1311.860510877586
11 21 796.1570196889555
11 22 2633.385083879682
11 23 2634.369753850055
11 24 3160.775221365796
11 25 1241.068088381939
11 26 1454.389906455624
11 27 1369.841231676138
11 28 355.8103427389373
11 29 554.4159088626516
11 30 1307.45592659944
11 31 3789.930078510684
11 32 708.8758706571977
11 33 3138.549027815242
11 34 1559.140789024519
11 35 1481.305167749036
11 36 3617.25310145696
11 37 1759.793453789393
11 38 1242.011674663326
11 39 959.4383773854369
11 40 1041.635732874022
11 41 3809.426859778253
11 42 3237.882332636565
11 43 2393.579954795745
11 44 4043.771754191871
11 45 3559.63425087466
11 46 1186.844977240077
11 47 2004.300626153672
11 48 3681.913225484816
11 49 1059.835836344478
11 50 2704.046782139688
11 51 3870.406955347202
11 52 2130.095068300943
11 53 730.9883720005402
11 54 2133.645003274912
11 55 2732.264262475356
11 56 1602.428469542401
11 57 1726.463437203348
11 58 1892.936343356532
11 59 732.6097187452539
11 60 2129.15875406227
11 61 1475.847214314544
11 62 1436.229786628867
11 63 3674.352868193255
11 64 3076.016254833514
11 65 1757.960465994614
11 66 2207.764706665998
11 67 1325.516503103602
11 68 837.7977082804655
11 69 1305.925342429651
11 70 959.3414407811225
11 71 1122.501670377376
11 72 1693.855070541751
11 73 388.6592337768395
11 74 2067.313474052738
11 75 1355.437198840286
11 76 663.8531464111622
11 77 3059.694919432328
11 78 3514.479335548866
11 79 1782.768913796738
11 80 1337.955529903741
11 81 1901.654016902128
11 82 3295.255073586869
11 83 2773.846426895332
11 84 1874.641832457603
11 85 307.5272345663063
11 86 1042.247571357209
11 87 2336.198621692942
11 88 2520.565809495955
11 89 2439.615748432527
11 90 823.6601240803151
11 91 400.2811511925087
11 92 3716.923593511171
11 93 53.85164807134504
11 94 1670.430483438326
11 95 638.2538679867126
11 96 3580.713476389866
11 97 554.0983667184014
11 98 760.384771020567
11 99 542.2628513922008
11 100 1539.900321449411
12 1 262.8649843550867
12 2 2435.427067271775
12 3 739.4322146079382
12 4 1777.990438669455
12 5 1598.691027059325
12 6 2001.887609232846
12 7 984.16106405405
12 8 636.3874605929944
12 9 420.0309512405008
12 10 834.2002157755654
12 11 925.9897407639029
12 13 2619.393250353982
12 14 2108.784721113087
12 15 2259.382659046493
12 16 2281.939525929642
12 17 2805.802915388036
12 18 2462.377915755419
12 19 2898.514102087482
12 20 883.5298523536146
12 21 468.0181620407482
12 22 1926.552361084432
12 23 1939.983762818648
12 24 2340.71634334449
12 25 443.8975106936285
12 26 1363.743744256963
12 27 450.5640908905191
12 28 933.6434008763731
12 29 536.6563145999495
12 30 1025.000487804762
12 31 2876.452850300175
12 32 403.0682324371396
12 33 2212.773146980955
12 34 692.4081166479781
12 35 584.1318344346591
12 36 2779.631090630553
12 37 1124.107646090889
12 38 800.186228324382
12 39 1381.553111537881
12 40 1348.754240030407
12 41 2960.012162137176
12 42 2330.310923460644
12 43 1513.880444420893
12 44 3237.675863949324
12 45 2716.229187679125
12 46 421.3430906043197
12 47 1547.80683549337
12 48 2765.733898985945
12 49 833.0720256976584
12 50 1845.30214328169
12 51 2944.546994021322
12 52 1289.323078208096
12 53 1265.684399840655
12 54 1341.342610968577
12 55 1939.619808106733
12 56 1462.190138114739
12 57 816.4073738030543
12 58 1042.944389696785
12 59 550.276294237722
12 60 1210.026445991987
12 61 558.4639648177848
12 62 1459.822249453679
12 63 2767.254957534632
12 64 2157.605385606923
12 65 1291.128188833316
12 66 1290.091469625313
12 67 1673.52830869394
12 68 889.504356369321
12 69 1221.894430791793
12 70 1452.138078834103
12 71 196.5731416038315
12 72 1025.854765549198
12 73 1092.135980544547
12 74 1143.192897108795
12 75 1083.02954715003
12 76 671.6814721279723
12 77 2215.953519368129
12 78 2637.60649074118
12 79 1410.48147807761
12 80 925.1994379591894
12 81 1578.148598833456
12 82 2374.637024894542
12 83 1848.909137843177
12 84 1012.526049047628
12 85 1021.82679549912
12 86 807.4930340256813
12 87 1411.685871573418
12 88 1814.724496996721
12 89 1533.855273485735
12 90 316.0775221365797
12 91 895.6751643313552
12 92 2905.160236544622
12 93 974.9179452651387
12 94 746.0810947879594
12 95 305.0983448004922
12 96 2766.940910102708
12 97 783.7576155929842
12 98 187.2164522684905
12 99 662.6160275755485
12 100 1418.343399885937
13 1 2790.409468160542
13 2 183.96738841436
13 3 3337.276883927973
13 4 1160.543407201988
13 5 3344.339994677575
13 6 1054.763006556449
13 7 1662.510150344953
13 8 3239.915122345029
13 9 2279.858986867389
13 10 3064.234488416316
13 11 3511.472625551849
13 12 2619.393250353982
13 14 572.6587116249957
13 15 965.1678610480147
13 16 385.6591759572174
13 17 410.4789885000205
13 18 564.1630969852602
13 19 828.073064409174
13 20 2446.416563057077
13 21 2759.832241278444
13 22 1366.522959924201
13 23 1407.366334683333
13 24 683.3944688099253
13 25 2273.765599176837
13 26 2861.400006989586
13 27 2171.813297684679
13 28 3551.372269982408
13 29 3141.939050968367
13 30 2605.660952618356
13 31 431.335136523794
13 32 2981.150952233047
13 33 805.4526677589441
13 34 1952.331938989884
13 35 2212.778570033613
13 36 540.0148146115994
13 37 1971.55902777472
13 38 2466.001824816843
13 39 3489.732654516675
13 40 3357.25974568546
13 41 544.0964987941018
13 42 349.3565513912685
13 43 1118.937442397921
13 44 988.5312336997754
13 45 478.2175237274352
13 46 2330.856709452557
13 47 2185.840113091532
13 48 421.882685115187
13 49 2721.426831645488
13 50 843.9389788367403
13 51 881.7766157026393
13 52 1406.18810974919
13 53 3530.803874473914
13 54 1467.530238189319
13 55 1023.29077001603
13 56 2793.38164238258
13 57 1804.1430098526
13 58 1626.603823922715
13 59 3090.013754014697
13 60 1435.621468215072
13 61 2158.811015350811
13 62 3041.876394595941
13 63 265.2413994835648
13 64 601.6410890223506
13 65 2228.83041077602
13 66 1601.835509657593
13 67 3553.402031856232
13 68 3002.593046018724
13 69 2861.048234476308
13 70 3597.20002223952
13 71 2431.553001684314
13 72 1973.5361663775
13 73 3542.691632078638
13 74 1528.648095540632
13 75 2608.044861577347
13 76 3229.29233733956
13 77 606.934098564251
13 78 169.5670958647343
13 79 2384.52783586185
13 80 2451.326375658696
13 81 2465.059837001934
13 82 529.1445927154505
13 83 954.8570573651325
13 84 1639.424899164338
13 85 3503.085639832404
13 86 2718.970393365842
13 87 1294.347712170111
13 88 1415.55501482634
13 89 1090.240799089816
13 90 2694.380819409164
13 91 3509.735745038364
13 92 766.5487590492858
13 93 3553.626316876889
13 94 1899.722611330402
13 95 2877.226442253025
13 96 705.0283682235772
13 97 3371.60570055278
13 98 2805.345789737871
13 99 3258.404057203465
13 100 2819.330594307805
14 1 2301.459754156044
14 2 411.6916321714591
14 3 2840.912705452246
14 4 604.6924838295909
14 5 3023.751312525552
14 6 553.8312017212464
14 7 1202.930588188695
14 8 2713.713323105445
14 9 1805.049860807175
14 10 2638.354979906987
14 11 3021.266290812513
14 12 2108.784721113087
14 13 572.6587116249957
14 15 585.3110284284758
14 16 444.2127868488254
14 17 916.6684242407393
14 18 815.9865194964926
14 19 1249.611539639419
14 20 2070.034782316471
14 21 2303.77516264066
14 22 1282.811365712044
14 23 1329.572111620878
14 24 835.0149699256895
14 25 1803.733904987097
14 26 2551.80328395431
14 27 1658.229477484947
14 28 3031.964544647579
14 29 2617.497468957707
14 30 2250.587701023891
14 31 768.6663775657161
14 32 2452.053221282116
14 33 400.8241509689754
14 34 1475.450439696298
14 35 1662.704122807182
14 36 989.853524517643
14 37 1637.754865662136
14 38 2073.760111488308
14 39 3106.294255217944
14 40 2986.992634741505
14 41 1074.013500846242
14 42 231.9051530259731
14 43 691.104188961404
14 44 1492.769238696993
14 45 913.7056418781707
14 46 1863.823221231027
14 47 1964.197800630069
14 48 662.9245809290827
14 49 2325.612607464966
14 50 581.2925253261046
14 51 955.164907228066
14 52 1009.380503080974
14 53 3117.854711175618
14 54 1129.136395658204
14 55 920.7790180059492
14 56 2509.719705465134
14 57 1295.290700962529
14 58 1186.569003471775
14 59 2552.21570405011
14 60 901.4149987658293
14 61 1617.227565928803
14 62 2732.108709403782
14 63 662.0732587863672
14 64 121.2353083882744
14 65 1942.911475080633
14 66 1029.52659023456
14 67 3217.388381902315
14 68 2593.078672157866
14 69 2524.375764421771
14 70 3210.56412488522
14 71 1915.616871924029
14 72 1612.475426169342
14 73 3090.554966345042
14 74 983.2502224764559
14 75 2263.846284534354
14 76 2691.922175695278
14 77 652.4944444207936
14 78 669.7947446792936
14 79 2120.430380842531
14 80 2082.864613939178
14 81 2233.809750180171
14 82 318.0251562376788
14 83 388.8573003043662
14 84 1185.649189262996
14 85 3042.937560976236
14 86 2318.962267912093
14 87 733.4971029254308
14 88 1285.401882681055
14 89 584.9316199351853
14 90 2220.405818763768
14 91 2986.862735379716
14 92 1207.755356022071
14 93 3066.291897390071
14 94 1370.430589267475
14 95 2383.057280050146
14 96 1100.425826668931
14 97 2838.970411962759
14 98 2291.440813113007
14 99 2729.348823437561
14 100 2524.448652676461
15 1 2489.765450800537
15 2 881.8508944260361
15 3 2996.225959436304
15 4 481.4145822469444
15 5 3411.292570273034
15 6 257.7518186162806
15 7 1516.277349299923
15 8 2801.977337524342
15 9 2044.121327123221
15 10 2917.601754866486
15 11 3184.385812052302
15 12 2259.382659046493
15 13 965.1678610480147
15 14 585.3110284284758
15 16 1005.919479878981
15 17 1372.065596099545
15 18 1373.052438911202
15 19 1764.082197631392
15 20 2429.387782960966
15 21 2549.873134099028
15 22 1846.619072792221
15 23 1893.57466184991
15 24 1411.760957102866
15 25 2051.117987830052
15 26 2959.586626540943
15 27 1828.418442260961
15 28 3129.534789709167
15 29 2713.52353960676
15 30 2625.21389604733
15 31 875.0022857113003
15 32 2540.852219236688
15 33 185.6906028855526
15 34 1734.433913413826
15 35 1721.591124512438
15 36 1483.268350636526
15 37 2058.377030575302
15 38 2415.341797758653
15 39 3427.371150021544
15 40 3325.490039076948
15 41 1509.021537288319
15 42 668.6830340303244
15 43 1121.543579180051
15 44 1953.550869570588
15 45 1411.858703978553
15 46 2112.742293797329
15 47 2451.195626627952
15 48 752.3735774201537
15 49 2653.339970678465
15 50 1134.580979921662
15 51 711.2474956019178
15 52 1422.208142291416
15 53 3402.291727644765
15 54 1581.106574523046
15 55 1492.322016188195
15 56 2939.763595937605
15 57 1508.815760787247
15 58 1529.268125607802
15 59 2611.321887473852
15 60 1108.538677719456
15 61 1711.282559953207
15 62 3135.430592438621
15 63 879.9965909024876
15 64 469.1961210410845
15 65 2388.208114884463
15 66 991.0005045407394
15 67 3586.712840471063
15 68 2895.315526846772
15 69 2908.487579481817
15 70 3525.777219280878
15 71 2063.537981235141
15 72 2009.784068003327
15 73 3319.263924426619
15 74 1138.701014314117
15 75 2648.646635548049
15 76 2747.96979604944
15 77 1234.706442843804
15 78 1117.977638416798
15 79 2575.531789747507
15 80 2450.065305252087
15 81 2707.545198145361
15 82 436.1112243453498
15 83 471.1528414431988
15 84 1509.454537241847
15 85 3259.831283977746
15 86 2641.909347422807
15 87 877.7066708189018
15 88 1836.095041113068
15 89 936.8553783802492
15 90 2439.898563465293
15 91 3076.585119901609
15 92 1711.084451451769
15 93 3233.970469871362
15 94 1524.775721212795
15 95 2557.74060451798
15 96 1623.539343533134
15 97 2905.318226976177
15 98 2426.124481554893
15 99 2809.193834536877
15 100 2945.202200189318
16 1 2438.901802041238
16 2 236.103790736193
16 3 2987.286394037237
16 4 1028.580575356156
16 5 2958.749228981733
16 6 997.9949899673845
16 7 1308.326029703606
16 8 2910.897627880445
16 9 1924.902594938248
16 10 2689.067124487598
16 11 3157.623315090006
16 12 2281.939525929642
16 13 385.6591759572174
16 14 444.2127868488254
16 15 1005.919479878981
16 17 544.45018137567
16 18 372.0873553347386
16 19 814.8275891254542
16 20 2064.298670250989
16 21 2394.407024714052
16 22 1008.731877160626
16 23 1052.110735616741
16 24 411.1265012134343
16 25 1916.731853963929
16 26 2475.900846156808
16 27 1840.543398021356
16 28 3215.567446034992
16 29 2811.897579927121
16 30 2221.227138317916
16 31 788.7287239602726
16 32 2656.027108295395
16 33 821.1972966346151
16 34 1601.708150694127
16 35 1918.095409514344
16 36 575.7820768311567
16 37 1586.803705566634
16 38 2086.045541209492
16 39 3106.77469411607
16 40 2973.188524126918
16 41 706.3426930322137
16 42 362.1670885102621
16 43 768.3033255166868
16 44 1085.018433023145
16 45 499.8129650179155
16 46 1972.10598092496
16 47 1806.371501103801
16 48 740.3269547976759
16 49 2341.326333512695
16 50 464.1077461107496
16 51 1166.672619032435
16 52 1035.719073880558
16 53 3152.029980821883
16 54 1085.386567081056
16 55 652.1265214665019
16 56 2408.976546170593
16 57 1474.731500985857
16 58 1265.346197686625
16 59 2772.857731655196
16 60 1137.753927701416
16 61 1853.701702000621
16 62 2656.43991085814
16 63 627.0853211485659
16 64 543.0036832287605
16 65 1843.675676468071
16 66 1380.8403238608
16 67 3167.761512487959
16 68 2624.172631516456
16 69 2475.55609914217
16 70 3214.488606294942
16 71 2099.436352929043
16 72 1591.100876751691
16 73 3173.45001536183
16 74 1240.800548033406
16 75 2222.976608064062
16 76 2910.962040288399
16 77 260.4496112494699
16 78 356.9313659514949
16 79 2000.962268509829
16 80 2068.306070193674
16 81 2085.224448350824
16 82 621.486122129851
16 83 807.5301851943369
16 84 1283.218219945462
16 85 3136.583172817198
16 86 2339.560001367779
16 87 1040.477294322178
16 88 1046.533802607446
16 89 784.780224011793
16 90 2336.282731177886
16 91 3176.808776114798
16 92 779.6332471104603
16 93 3198.218410302836
16 94 1585.447886245398
16 95 2528.042127813538
16 96 663.4470589278394
16 97 3047.843171818392
16 98 2468.988861862281
16 99 2931.815137419138
16 100 2434.326600930943
17 1 2948.687843770514
17 2 510.9256305960781
17 3 3496.680997746291
17 4 1521.216618368338
17 5 3335.299836596404
17 6 1441.976421443846
17 7 1823.695424132001
17 8 3438.804588806988
17 9 2433.526658986912
17 10 3152.997938470623
17 11 3661.70028811753
17 12 2805.802915388036
17 13 410.4789885000205
17 14 916.6684242407393
17 15 1372.065596099545
17 16 544.45018137567
17 18 400.9800493790183
17 19 434.2188388359031
17 20 2504.278139504476
17 21 2883.749122236537
17 22 1267.975551814782
17 23 1300.184986838411
17 24 554.2030313883171
17 25 2422.737501257617
17 26 2852.898350800463
17 27 2370.54972527471
17 28 3737.945960016008
17 29 3339.372695582211
17 30 2640.981635680188
17 31 743.5005043710462
17 32 3186.875899686086
17 33 1206.385096061784
17 34 2117.834035046184
17 35 2460.910400644445
17 36 159.6652748721525
17 37 2012.099401123116
17 38 2537.05025571036
17 39 3532.472929832584
17 40 3390.26488640637
17 41 162.265215003093
17 42 724.9531019314284
17 43 1295.734540714262
17 44 584.2302628245134
17 45 143.8923208513922
17 46 2475.325433150154
17 47 2130.638401981904
17 48 784.3889341391807
17 49 2789.172816445765
17 50 961.3792175827393
17 51 1237.670796294394
17 52 1531.879890853065
17 53 3600.240686398619
17 54 1543.622363144561
17 55 990.13584926514
17 56 2765.86514494109
17 57 2007.746248906968
17 58 1772.520521742978
17 59 3307.500869236469
17 60 1681.502304488459
17 61 2394.477813637036
17 62 3029.5882558526
17 63 604.1936775571224
17 64 975.5331875441245
17 65 2220.629190117071
17 66 1915.902398349143
17 67 3553.948930415292
17 68 3077.037536332633
17 69 2874.717377412952
17 70 3641.34604233105
17 71 2627.788614025108
17 72 2035.902748168488
17 73 3650.771014457083
17 74 1785.130807532042
17 75 2634.209748672266
17 76 3444.809718983038
17 77 604.7346525543248
17 78 255.7850660222367
17 79 2353.774840548688
17 80 2502.288552505486
17 81 2406.709163983052
17 82 936.2846789305056
17 83 1304.849799785401
17 84 1796.614872475456
17 85 3620.02541427543
17 86 2790.533461544584
17 87 1581.768946464685
17 88 1344.977694982337
17 89 1328.711405836497
17 90 2838.048801553631
17 91 3701.453228125407
17 92 366.2922330598889
17 93 3700.06445889798
17 94 2124.322244858346
17 95 3040.066611112329
17 96 341.3444008622376
17 97 3578.627949368305
17 98 2993.000501169353
17 99 3461.187368519653
17 100 2800.043571089564
18 1 2589.153722744171
18 2 522.5514328752721
18 3 3134.846248223348
18 4 1389.512504441756
18 5 2934.328202502235
18 6 1369.479098051518
18 7 1478.800865566422
18 8 3098.446384883882
18 9 2075.763233126553
18 10 2766.105023313468
18 11 3295.041122656894
18 12 2462.377915755419
18 13 564.1630969852602
18 14 815.9865194964926
18 15 1373.052438911202
18 16 372.0873553347386
18 17 400.9800493790183
18 19 474.6503976612682
18 20 2111.847058856299
18 21 2509.582036913717
18 22 871.2777972610113
18 23 905.4943401258785
18 24 153.3753565603027
18 25 2062.763680114617
18 26 2451.992251211247
18 27 2039.374659056055
18 28 3388.985836500353
18 29 2998.710556222457
18 30 2244.018048055764
18 31 991.2466897800971
18 32 2852.328347157809
18 33 1189.575554557171
18 34 1770.154795491061
18 35 2165.0
18 36 322.6019218789622
