1 2 1699.546410075347
1 3 1845.722893611064
1 4 942.3274377837038
1 5 2709.406208009423
1 6 1440.001388888219
1 7 1315.028516801062
1 8 1751.112217991754
1 9 1226.928278262425
1 10 1379.023205025934
1 11 1953.647358148343
1 12 542.65274347413
1 13 744.452819190041
1 14 1288.504559557319
1 15 511.1653352879086
1 16 1371.312509969919
1 17 1957.147158493709
1 18 876.812408671319
1 19 1267.465186898638
1 20 956.0130752243925
1 21 2104.903085655014
1 22 1759.072767113402
1 23 2015.962549255318
1 24 658.5992711808904
1 25 2052.035087419316
1 26 1051.492748429584
1 27 462.1796187630952
1 28 2477.997780467125
1 29 844.6182569658318
1 30 1615.004953552775
1 31 1136.866307003598
1 32 806.9752164719806
1 33 1648.902665411151
1 34 2229.003589050498
1 35 1738.828628703818
1 36 1491.35944694765
1 37 1043.191736930465
1 38 2487.114392222441
1 39 2392.414052792702
1 40 379.0329800954001
1 41 1641.038695460896
1 42 1195.006694541918
1 43 2875.230251649422
1 44 1519.570004968511
1 45 1646.797194556755
1 46 576.6671483620339
1 47 1203.006650023183
1 48 1728.66017481748
1 49 861.9756377067741
1 50 2216.636415833684
1 51 1523.496307839307
1 52 1977.131760910233
1 53 32.31098884280702
1 54 1545.385712370863
1 55 1114.016606698482
1 56 2651.008864564583
1 57 1512.549172754394
1 58 2503.450618646192
1 59 1782.802568990745
1 60 1058.646777730892
1 61 948.05274114893
1 62 2002.191299551569
1 63 1472.761352018717
1 64 961.2080940150265
1 65 1023.516487409949
1 66 1443.41608692712
1 67 1040.0
1 68 1690.908927174968
1 69 1598.878669568144
1 70 2350.780721377474
1 71 2454.850300934866
1 72 2217.768698489543
1 73 1863.413266025548
1 74 1561.886679628199
1 75 1637.892548368177
1 76 2456.499134947945
1 77 1238.293180147577
1 78 1254.187386318328
1 79 740.7624450523933
1 80 1224.05432885963
1 81 1723.772896874759
1 82 1365.711902269289
1 83 2029.072694607071
1 84 1859.226989907365
1 85 215.8726476420762
1 86 2526.121533101683
1 87 2317.279655112865
1 88 2507.648500089277
1 89 1830.708059740821
1 90 2142.093368646661
1 91 2315.879530545576
1 92 1361.812028144854
1 93 924.8762079327157
1 94 2431.33564116516
1 95 2400.624085524429
1 96 2036.654364392741
1 97 1832.882156604728
1 98 2406.534853269322
1 99 1271.769240074629
1 100 1650.458421166677
2 1 1699.546410075347
2 3 1118.213307021518
2 4 1352.735376930758
2 5 1157.355606544505
2 6 552.2408894676308
2 7 2851.398604194089
2 8 972.2756810699319
2 9 2573.679272947583
2 10 1824.221751871192
2 11 2632.052431088712
2 12 1580.825733596211
2 13 1022.095885912863
2 14 1561.118188991468
2 15 1234.602770124869
2 16 2436.577928160723
2 17 1266.940014365321
2 18 1973.032691062163
2 19 1871.16701552801
2 20 1195.764608942747
2 21 617.4504028664975
2 22 853.9935596946852
2 23 349.4810438349983
2 24 2191.603294394312
2 25 1348.816518285567
2 26 2499.334511424991
2 27 1244.434007892745
2 28 1145.965531767863
2 29 2041.423522936875
2 30 331.3080137877743
2 31 767.3232695546252
2 32 2332.326092123484
2 33 1803.439491638131
2 34 1449.670652251745
2 35 76.2954782408499
2 36 1685.682354419124
2 37 2233.03582595533
2 38 1090.557655513912
2 39 1052.905028955603
2 40 1477.538493576394
2 41 713.740849328382
2 42 1111.329384116159
2 43 1299.140100220142
2 44 2432.894777831545
2 45 1892.523447675087
2 46 1903.024172205913
2 47 782.0927055023592
2 48 2417.847803315999
2 49 1872.632371823151
2 50 628.0071655642155
2 51 2577.453200351075
2 52 2658.871941256291
2 53 1714.820690334707
2 54 499.3846213090667
2 55 1051.692445537192
2 56 1195.887118418791
2 57 1661.636843597301
2 58 1508.412741924438
2 59 988.7107767188542
2 60 1107.680910731967
2 61 2336.080906133176
2 62 585.8498101049449
2 63 2466.286276975972
2 64 1171.047821397572
2 65 708.4546562766033
2 66 2254.149950646585
2 67 893.6632475379079
2 68 208.6552180032889
2 69 1335.149804329087
2 70 679.2230855911774
2 71 1019.152589164155
2 72 777.5680034569324
2 73 1124.982222081754
2 74 1649.049423152623
2 75 715.3586513071607
2 76 772.8143373411236
2 77 503.7459677257973
2 78 2638.75121980076
2 79 1107.711605066951
2 80 476.1606871634826
2 81 1919.615846986058
2 82 2751.473968621182
2 83 630.1253843482264
2 84 2564.830793639222
2 85 1484.645748991994
2 86 922.6440266971873
2 87 2739.207367104579
2 88 1292.011222861473
2 89 667.2046162909846
2 90 1376.114094107026
2 91 616.3700187387443
2 92 1873.585332991268
2 93 1640.502971652292
2 94 733.8780552653145
2 95 717.8648897947301
2 96 2505.532478336691
2 97 2024.968394815089
2 98 1314.152198187105
2 99 1783.413861110202
2 100 1762.129677407426
3 1 1845.722893611064
3 2 1118.213307021518
3 4 975.9805325927357
3 5 2130.104457532541
3 6 1544.695762925502
3 7 2533.547118172465
3 8 2042.999021047245
3 9 2141.061886074291
3 10 1075.213467177565
3 11 1769.966383861569
3 12 1413.483993542198
3 13 1545.482772469496
3 14 863.4958019585272
3 15 1626.259819340071
3 16 1842.205471710471
3 17 2349.186242084693
3 18 1569.411673207511
3 19 1199.551999706557
3 20 1918.96013507316
3 21 806.1811210888035
3 22 1938.239407297251
3 23 1073.168206759779
3 24 2012.408010319975
3 25 2439.123818095342
3 26 2165.144336990031
3 27 1453.477554006253
3 28 2233.961951332206
3 29 1672.344761106393
3 30 792.8795621025932
3 31 1575.449777047812
3 32 2107.112716491455
3 33 886.2398095323861
3 34 2555.493690072429
3 35 1061.811659382209
3 36 849.4562966980703
3 37 1783.862102293784
3 38 2162.296233174354
3 39 2145.182975878748
3 40 1477.601096372089
3 41 414.3971524998694
3 42 1962.775585745859
3 43 2229.644366261131
3 44 1744.622022101062
3 45 992.4615861583762
3 46 1688.239911860871
3 47 1640.836981543261
3 48 1604.541367494151
3 49 1466.58276275156
3 50 1655.560328106469
3 51 1940.903913129138
3 52 1793.880988248663
3 53 1841.087993551639
3 54 1545.329091164727
3 55 1865.311234084007
3 56 2231.69375139153
3 57 809.3763030877541
3 58 2626.45502531454
3 59 130.1383878799795
3 60 790.2126296130681
3 61 1996.118483457332
3 62 1695.83283374276
3 63 1818.607434274918
3 64 1897.645910068578
3 65 1347.239028532057
3 66 1555.225064098441
3 67 1651.376698394403
3 68 910.6184711502398
3 69 415.3263776838645
3 70 1220.698570491503
3 71 2081.899373168646
3 72 1863.502347731282
3 73 17.72004514666935
3 74 763.4664367213531
3 75 1780.78213153659
3 76 1326.6427552284
3 77 960.1338448362291
3 78 2221.599648901665
3 79 1674.568601162699
3 80 1148.557355990549
3 81 982.9476079629067
3 82 2312.921096795133
3 83 1739.886490550461
3 84 1729.065065288175
3 85 1690.269209327319
3 86 1878.260099134302
3 87 1747.92047874038
3 88 2396.868790735112
3 89 483.3890772452352
3 90 2477.278547115766
3 91 1383.148943534282
3 92 1141.991681230647
3 93 1195.978678739717
3 94 1499.688634350478
3 95 1570.663872380084
3 96 1565.084662246742
3 97 1055.959279517918
3 98 2430.775390693266
3 99 1100.096359415847
3 100 837.2645937814401
4 1 942.3274377837038
4 2 1352.735376930758
4 3 975.9805325927357
4 5 2508.490582003449
4 6 1433.778574257546
4 7 1607.403185264979
4 8 1918.812393122371
4 9 1262.1283611424
4 10 579.6153897197693
4 11 1362.825373993308
4 12 444.6403040661069
4 13 994.9758791046143
4 14 383.5896244686501
4 15 933.6942754456621
4 16 1083.994926187388
4 17 2206.56701688392
4 18 654.1719957320093
4 19 560.1365904848567
4 20 1407.213558774929
4 21 1486.938465438298
4 22 1862.624492483657
4 23 1552.054122767631
4 24 1039.955768290171
4 25 2307.94562327625
4 26 1237.237244832211
4 27 689.2553953361555
4 28 2432.336325428702
4 29 743.3417787263138
4 30 1102.674929432967
4 31 1263.863916725214
4 32 1143.82253868334
4 33 757.5255771259476
4 34 2467.157473693157
4 35 1349.966666255134
4 36 592.7039733290136
4 37 905.402672847833
4 38 2399.902706361239
4 39 2337.452459409602
4 40 564.6848678687963
4 41 921.8313294741072
4 42 1563.025911493472
4 43 2651.867266663247
4 44 1090.0
4 45 787.9048165863692
4 46 714.5488086897914
4 47 1350.592462588178
4 48 1130.763016728085
4 49 547.727121840794
4 50 1977.894334892539
4 51 1225.170192259018
4 52 1389.945682391942
4 53 929.2152603137769
4 54 1500.946368129121
4 55 1454.001375515168
4 56 2528.000197784802
4 57 602.8863906243033
4 58 2653.605094960439
4 59 950.2683831423626
4 60 257.6237566685185
4 61 1065.809082340735
4 62 1869.676175170449
4 63 1115.717258090059
4 64 1394.862717259301
4 65 1011.792963011702
4 66 921.0955433612737
4 67 1260.392399215419
4 68 1230.650234632083
4 69 665.0248115672076
4 70 1842.549592276962
4 71 2339.623260270764
4 72 2087.98108228978
4 73 993.3076059308113
4 74 642.2343808922097
4 75 1699.676733970316
4 76 1958.812140048147
4 77 871.1125070850493
4 78 1335.618583278924
4 79 1105.959312090639
4 80 1008.26286255123
4 81 854.9081822043815
4 82 1441.400013875399
4 83 1909.836904031336
4 84 1281.580274504879
4 85 846.7183711246615
4 86 2275.300639476023
4 87 1597.200050087653
4 88 2534.545718664392
4 89 1135.044052008555
4 90 2377.625916749731
4 91 1900.164466565986
4 92 602.100489951636
4 93 290.3945591776816
4 94 2028.487120984503
4 95 2045.441028238165
4 96 1323.016250845015
4 97 974.0020533859258
4 98 2496.822981310449
4 99 497.0010060351991
4 100 746.5453770535319
5 1 2709.406208009423
5 2 1157.355606544505
5 3 2130.104457532541
5 4 2508.490582003449
5 6 1273.031814213612
5 7 3953.060839400274
5 8 1166.13892825855
5 9 3707.459642396664
5 10 2974.302103015092
5 11 3776.693262630684
5 12 2701.139389220778
5 13 1966.8472233501
5 14 2710.957395460135
5 15 2201.186043931771
5 16 3591.318420858835
5 17 1237.048503495316
5 18 3115.972079464128
5 19 3027.158733862498
5 20 1918.135813752509
5 21 1350.240348974952
5 22 1077.965212796777
5 23 1059.456936359378
5 24 3279.10917781034
5 25 1236.466740353334
5 26 3615.012171487117
5 27 2293.777670132831
5 28 448.6568844896955
5 29 3177.504996062162
5 30 1448.882672958718
5 31 1585.052995959441
5 32 3426.331128189452
5 33 2924.63501996403
5 34 1183.625363026663
5 35 1170.15426333454
5 36 2820.843313620946
5 37 3376.130477336443
5 38 351.1409973215888
5 39 460.8958667638494
5 40 2565.450447777154
5 41 1787.537412195896
5 42 1710.287987445389
5 43 170.0735135169495
5 44 3590.219074095618
5 45 3019.943873650634
5 46 3014.740619025126
5 47 1534.315808430585
5 48 3567.679918378329
5 49 3018.410177560366
5 50 530.6533708552128
5 51 3733.652501237897
5 52 3803.225999069737
5 53 2731.492266143179
5 54 1165.628156832186
5 55 1726.277208330111
5 56 218.929212303886
5 57 2793.161112431576
5 58 967.1426988816077
5 59 2014.260410175407
5 60 2265.02384093413
5 61 3457.907170529596
5 62 707.4941695872836
5 63 3623.19748288718
5 64 1898.46912010704
5 65 1694.656307337862
5 66 3410.985781266172
5 67 1700.555791498768
5 68 1309.959159668728
5 69 2435.88526002355
5 70 974.1047171634065
5 71 315.5693267730563
5 72 499.2674633901152
5 73 2130.508155346982
5 74 2773.33373397433
5 75 1127.163697073322
5 76 910.0428561337097
5 77 1644.447627624547
5 78 3768.384269153028
5 79 1996.553280030363
5 80 1551.507976131609
5 81 3038.202922781821
5 82 3882.94952323617
5 83 683.0592946443229
5 84 3712.943441529914
5 85 2497.13535876612
5 86 251.9206224190469
5 87 3848.808776751581
5 88 629.0031796422018
5 89 1649.014857422455
5 90 1179.648252658393
5 91 761.1622691647294
5 92 3025.929609227551
5 93 2794.613747908644
5 94 667.5874474553876
5 95 569.3030827248347
5 96 3631.297977307839
5 97 3135.414645625041
5 98 799.0719617155892
5 99 2938.038291105138
5 100 2880.27168857384
6 1 1440.001388888219
6 2 552.2408894676308
6 3 1544.695762925502
6 4 1433.778574257546
6 5 1273.031814213612
6 7 2712.112092078792
6 8 513.078941294612
6 9 2509.128334701117
6 10 1989.418256677062
6 11 2792.935731448184
6 12 1504.479976603212
6 13 695.6622743831953
6 14 1741.32133737573
6 15 929.7537308341387
6 16 2464.230914504564
6 17 819.7029949926986
6 18 1951.18528079729
6 19 1993.047917135963
6 20 704.1597830038294
6 21 1169.280548029428
6 22 433.8490520907013
6 23 880.0346584084061
6 24 2034.454472334046
6 25 916.1768388253438
6 26 2391.404817257003
6 27 1046.870574617512
6 28 1054.982938250662
6 29 1994.225664261695
6 30 783.9929846624905
6 31 314.2308068920041
6 32 2184.599047880411
6 33 2054.354399805447
6 34 1057.041626427266
6 35 628.0740402213739
6 36 1910.179310954864
6 37 2205.058049122517
6 38 1052.487529617335
6 39 964.7512632798156
6 40 1336.246234793573
6 41 1132.757696950235
6 42 572.1546993602342
6 43 1440.789019947057
6 44 2509.591401005351
6 45 2125.941908895913
6 46 1797.05230864324
6 47 279.7087771236362
6 48 2563.081348689503
6 49 1865.328389319157
6 50 810.0598743302868
6 51 2616.896062131624
6 52 2820.129429653894
6 53 1463.283977907228
6 54 109.0183470797462
6 55 531.741478540089
6 56 1212.43721486929
6 57 1896.829196316843
6 58 1220.015163840188
6 59 1416.720508780754
6 60 1243.603232546458
6 61 2244.418855739721
6 62 566.2949761387611
6 63 2519.290773213763
6 64 680.6944982883291
6 65 455.4843575799283
6 66 2350.384223908934
6 67 437.3785545725808
6 68 719.9784719003757
6 69 1650.710453107994
6 70 1178.613592319383
6 71 1015.827741302629
6 72 778.1220983881643
6 73 1555.516955870298
6 74 1901.578817719634
6 75 267.8656379605268
6 76 1249.857591887972
6 77 632.2230619014147
6 78 2561.923105793771
6 79 725.275809606249
6 80 446.4314057052886
6 81 2170.365176646548
6 82 2678.044249074313
6 83 590.3388857258177
6 84 2713.896276573591
6 85 1230.465359122312
6 86 1107.907035811218
6 87 2979.827679581489
6 88 1121.215857897131
6 89 1159.74135047432
6 90 970.7564061081441
6 91 1041.150325361328
6 92 2024.341868361172
6 93 1689.066014103653
6 94 1125.375048594912
6 95 1056.003787871994
6 96 2721.096286425749
6 97 2286.273168280641
6 98 1065.890238251575
6 99 1922.406044518171
6 100 2021.145467303133
7 1 1315.028516801062
7 2 2851.398604194089
7 3 2533.547118172465
7 4 1607.403185264979
7 5 3953.060839400274
7 6 2712.112092078792
7 8 3062.665832244843
7 9 438.6217048893043
7 10 1545.724749106386
7 11 1495.003010030415
7 12 1272.774921185989
7 13 2031.813475691113
7 14 1684.491614701599
7 15 1809.04671028694
7 16 860.4661527335053
7 17 3271.882791299224
7 18 966.0331257260281
7 19 1390.717800274376
7 20 2269.014103085302
7 21 3088.99870508228
7 22 3063.377384521861
7 23 3111.926252339538
7 24 677.6938836967618
7 25 3366.237662435616
7 26 370.7411495909242
7 27 1665.980191959076
7 28 3765.362797925321
7 29 867.1654974686205
7 30 2666.01069015111
7 31 2426.450287972123
7 32 527.7736257146619
7 33 1856.475154695047
7 34 3543.325133261129
7 35 2869.938849522756
7 36 1779.283282673111
7 37 759.6848030597953
7 38 3764.112910102458
7 39 3676.350500156371
7 40 1387.631795542319
7 41 2528.959469821531
7 42 2509.459105066269
7 43 4112.578874623561
7 44 1073.525500395775
7 45 1780.617027886682
7 46 948.7829045677414
7 47 2499.824993874571
7 48 1387.346387893089
7 49 1071.190926025795
7 50 3436.013533151463
7 51 893.0358335475682
7 52 1503.279747751562
7 53 1285.594026121777
7 54 2811.252567806742
7 55 2428.916836781367
7 56 3920.114794237536
7 57 1820.435387482896
7 58 3817.869170099992
7 59 2535.394446629557
7 60 1857.37368345737
7 61 542.1217575416061
7 62 3255.857797877542
7 63 964.5776277729025
7 64 2275.225043814348
7 65 2265.305718882112
7 66 1182.898981316663
7 67 2342.338148090493
7 68 2778.369485867565
7 69 2142.70599943156
7 70 3423.865943637396
7 71 3723.349298682572
7 72 3477.390113288988
7 73 2549.389142520223
7 74 1882.139739764293
7 75 2932.593391522254
7 76 3538.614418102091
7 77 2348.758395408093
7 78 359.7693705695359
7 79 2049.179591934294
7 80 2406.653485651809
7 81 1849.288782207906
7 82 340.6479120734487
7 83 3287.747557219076
7 84 1422.103020178215
7 85 1500.476257726193
7 86 3746.785555646333
7 87 1951.050230004343
7 88 3809.717706077447
7 89 2742.12326491717
7 90 3456.749918637448
7 91 3448.472415432665
7 92 1482.713728269891
7 93 1344.36304620441
7 94 3573.748312346576
7 95 3568.987531499655
7 96 1745.299114765145
7 97 1896.345169002732
7 98 3716.24460981782
7 99 1477.735091279895
7 100 1891.191423415409
8 1 1751.112217991754
8 2 972.2756810699319
8 3 2042.999021047245
8 4 1918.812393122371
8 5 1166.13892825855
8 6 513.078941294612
8 7 3062.665832244843
8 9 2909.729368858898
8 10 2485.575386102783
8 11 3281.636786727014
8 12 1928.991964731839
8 13 1044.766002509653
8 14 2242.911054857058
8 15 1255.632111726998
8 16 2910.440516485434
8 17 307.6572768520192
8 18 2385.940904548979
8 19 2478.679083705674
8 20 829.0723731979012
8 21 1566.428102403682
8 22 127.7693233918064
8 23 1229.967885759624
8 24 2391.339582744366
8 25 403.10048375064
8 26 2769.382061038166
8 27 1436.373210554973
8 28 797.6020310906938
8 29 2415.869615687072
8 30 1261.405961615847
8 31 671.7000818817875
8 32 2542.851352320855
8 33 2563.833457929746
8 34 549.651707902377
8 35 1045.665816597253
8 36 2417.226716714839
8 37 2630.904977379457
8 38 847.3134012866785
8 39 734.0878693998424
8 40 1735.817962806008
8 41 1628.757194918874
8 42 591.3383126434478
8 43 1331.988363312533
8 44 2974.395568850922
8 45 2633.037979217163
8 46 2194.068595099068
8 47 586.9045919057032
8 48 3049.189400480069
8 49 2308.705264861671
8 50 888.6827330380623
8 51 3065.884048688078
8 52 3308.758075169595
8 53 1779.283563685114
8 54 497.6796158172444
8 55 645.7778255716125
8 56 1024.243135197888
8 57 2405.269423578157
8 58 762.2709492037592
8 59 1913.639725758221
8 60 1744.800561668869
8 61 2635.705977532396
8 62 609.5408107747995
8 63 2975.045545869844
8 64 815.5519603311612
8 65 908.8652265325151
8 66 2823.830023213154
8 67 727.2482382240606
8 68 1171.216888539437
8 69 2163.664715245872
8 70 1457.573325771297
8 71 854.058546002556
8 72 707.6750666796167
8 73 2052.815870944104
8 74 2411.798499045889
8 75 262.6061690059851
8 76 1495.016387870046
8 77 1145.2056583863
8 78 2954.569342560773
8 79 1013.570421825736
8 80 957.4868145306232
8 81 2679.40011942972
8 82 3070.423586412793
8 83 595.4242185198717
8 84 3199.917655190521
8 85 1563.017914164774
8 86 1098.566338461178
8 87 3484.854803288079
8 88 773.6310490149681
8 89 1629.346494764082
8 90 461.2352978686692
8 91 1260.40628370379
8 92 2516.888952655639
8 93 2158.09035955402
8 94 1299.518757078943
8 95 1194.719213874122
8 96 3222.630137015416
8 97 2796.062409890023
8 98 656.210332134446
8 99 2413.32654234772
8 100 2531.530959715879
9 1 1226.928278262425
9 2 2573.679272947583
9 3 2141.061886074291
9 4 1262.1283611424
9 5 3707.459642396664
9 6 2509.128334701117
9 7 438.6217048893043
9 8 2909.729368858898
9 10 1120.165166392885
9 11 1089.690322981718
9 12 1009.358707298847
9 13 1864.983914139744
9 14 1280.603373414267
9 15 1663.883709878788
9 16 426.8219769412067
9 17 3147.310280223417
9 18 608.8949006191463
9 19 968.5354923801192
9 20 2165.589527126505
9 21 2747.269553574967
9 22 2893.000172830966
9 23 2805.585856822065
9 24 585.9180830116101
9 25 3245.735817961776
9 26 220.5175729958953
9 27 1475.066439181639
9 28 3561.63614087683
9 29 532.3016062346609
9 30 2355.542400382553
9 31 2248.003558716045
9 32 465.0268809434568
9 33 1424.994385953853
9 34 3420.744071104999
9 35 2582.949089703473
9 36 1357.000368459788
9 37 360.8794812676387
9 38 3548.938010165858
9 39 3469.571155056486
9 40 1177.10874603836
9 41 2177.18189410072
9 42 2395.282446810814
9 43 3860.844467211804
9 44 644.8968909833571
9 45 1345.960623495353
9 46 716.0698289971447
9 47 2328.193290944719
9 48 959.6942221353632
9 49 714.6586597810174
9 50 3180.990097438218
9 51 487.1652696980769
9 52 1101.355982414405
9 53 1194.723817457407
9 54 2600.630692735899
9 55 2303.100518865818
9 56 3695.638104576799
9 57 1398.82522139115
9 58 3671.937363300196
9 59 2154.41732261881
9 60 1519.184649738142
9 61 279.6587205863604
9 62 3026.979517604967
9 63 538.0455371062936
9 64 2167.112825858404
9 65 2053.882421172157
9 66 744.5246805848682
9 67 2182.624337809876
9 68 2477.105569005891
9 69 1739.497053748583
9 70 3103.483365510439
9 71 3500.442400611671
9 72 3249.904152432807
9 73 2156.186448338826
9 74 1459.804438957493
9 75 2749.253171317622
9 76 3219.558510106626
9 77 2071.266520754874
9 78 82.66196223173026
9 79 1908.698509456116
9 80 2157.293211411004
9 81 1413.258645825314
9 82 179.4268653240088
9 83 3062.292115393304
9 84 1009.669252775383
9 85 1368.84915165989
9 86 3488.208279331955
9 87 1543.901551265494
9 88 3626.846839887232
9 89 2389.622773577453
9 90 3331.703017977443
9 91 3150.18681985688
9 92 1055.39423913531
9 93 979.7780360877662
9 94 3277.65037793844
9 95 3284.683394179719
9 96 1322.29648717676
9 97 1458.091903824996
9 98 3551.0
9 99 1060.287696806862
9 100 1461.4191732696
10 1 1379.023205025934
10 2 1824.221751871192
10 3 1075.213467177565
10 4 579.6153897197693
10 5 2974.302103015092
10 6 1989.418256677062
10 7 1545.724749106386
10 8 2485.575386102783
10 9 1120.165166392885
10 11 811.3722943261004
10 12 838.1199198205469
10 13 1572.194962464897
10 14 263.3723599772763
10 15 1491.517683435232
10 16 774.0290692215635
10 17 2778.111588831521
10 18 663.1327167317263
10 19 157.8892016573648
10 20 1981.636697278288
10 21 1796.70921409114
10 22 2422.246890802009
10 23 1952.846640164045
10 24 1190.012604975258
10 25 2879.161162561068
10 26 1199.310635323476
10 27 1241.613869123569
10 28 2948.475199149554
10 29 767.0704009411392
10 30 1527.039619656281
10 31 1839.31563359854
10 32 1228.338715501551
10 33 321.846236578898
10 34 3035.11185955312
10 35 1804.662849398746
10 36 239.0397456491284
10 37 790.675660432266
10 38 2905.530760463568
10 39 2853.528692689106
10 40 1040.861662277942
10 41 1233.356801578521
10 42 2142.410791608369
10 43 3105.019484640958
10 44 671.2570297583483
10 45 278.8691449407768
10 46 925.4285493759094
10 47 1925.692083381972
10 48 593.7078406084933
10 49 597.0535989339651
10 50 2449.905304292392
10 51 865.7944328765345
10 52 838.4658609627467
10 53 1356.740579477153
10 54 2047.28356609435
10 55 2033.446827433656
10 56 3019.529267948897
10 57 281.4427117549857
10 58 3207.374315542232
10 59 1120.615902082422
10 60 747.5667194304466
10 61 1048.147413296431
10 62 2380.089284039571
10 63 743.4978143881797
10 64 1970.246685062558
10 65 1584.117735523468
10 66 481.0873101631345
10 67 1839.663284408318
10 68 1665.252533401466
10 69 659.893930870712
10 70 2195.577600541598
10 71 2838.778786732069
10 72 2590.907370015378
10 73 1087.909003547631
10 74 340.9178786746157
10 75 2257.144434899991
10 76 2310.446060828947
10 77 1388.573728687101
10 78 1202.820435476551
10 79 1679.547558123913
10 80 1550.170313223679
10 81 358.1759344232943
10 82 1278.861994118208
10 83 2422.308196741282
10 84 740.860310719909
10 85 1346.626154506142
10 86 2730.404548780272
10 87 1017.916499522431
10 88 3066.136330954643
10 89 1427.589927114926
10 90 2946.143411309096
10 91 2300.639258988684
10 92 67.62396025078685
10 93 454.9648338058668
10 94 2428.008649078499
10 95 2466.86298768294
10 96 743.5872511010392
10 97 457.1848641414105
10 98 3042.231582243534
10 99 107.5174404457249
10 100 349.502503567571
11 1 1953.647358148343
11 2 2632.052431088712
11 3 1769.966383861569
11 4 1362.825373993308
11 5 3776.693262630684
11 6 2792.935731448184
11 7 1495.003010030415
11 8 3281.636786727014
11 9 1089.690322981718
11 10 811.3722943261004
11 12 1472.918870814004
11 13 2321.98621873602
11 14 1072.385191990266
11 15 2201.295981916107
11 16 684.0847900662607
11 17 3568.28207965682
11 18 1078.488757475014
11 19 803.334301520855
11 20 2715.355041242305
11 21 2550.651877461917
11 22 3223.923851458033
11 23 2741.046697887506
11 24 1504.900328925474
11 25 3669.766477584098
11 26 1283.585992444604
11 27 1954.798199303447
11 28 3759.760231716911
11 29 1129.003985821131
11 30 2327.815499561767
11 31 2623.780669187118
11 32 1456.696605336884
11 33 884.9598860965394
11 34 3829.872713289568
11 35 2609.490563309245
11 36 960.0130207450313
11 37 980.3004641435197
11 38 3716.086113103408
11 39 3664.828645380299
11 40 1696.991455488212
11 41 2009.503918881474
11 42 2898.957226314317
11 43 3903.060978257962
11 44 471.3141203061924
11 45 779.9391001866749
11 46 1389.035996653794
11 47 2710.687920067524
11 48 235.9830502387831
11 49 1096.125905176955
11 50 3255.489671309064
11 51 604.7520152922187
11 52 27.20294101747089
11 53 1924.6116491386
11 54 2854.516596553609
11 55 2791.669213929186
11 56 3827.927115293602
11 57 991.5830777095784
11 58 4012.663579220167
11 59 1847.108280529325
11 60 1556.540073367853
11 61 1218.570473957087
11 62 3191.29440822999
11 63 562.9102948072632
11 64 2707.333189690549
11 65 2374.154165171251
11 66 510.5800622821067
11 67 2610.477734055588
11 68 2466.79893789502
11 69 1378.740367146766
11 70 2960.40605322986
11 71 3648.61233895847
11 72 3401.422055552648
11 73 1778.343330181211
11 74 1021.970645370991
11 75 3059.976797297653
11 76 3072.621356431671
11 77 2199.386278033033
11 78 1152.175333879354
11 79 2415.873548015293
11 80 2357.725386893054
11 81 788.2417141968573
11 82 1155.140251224932
11 83 3233.582842606634
11 84 94.64142856064674
11 85 1991.525294843126
11 86 3530.491750450637
11 87 456.1326561429252
11 88 3877.034046794018
11 89 2187.69330574466
11 90 3740.268706924678
11 91 3084.472726415327
11 92 769.9103843954828
11 93 1144.29454250206
11 94 3210.099219650383
11 95 3257.129103980989
11 96 297.4777302589221
11 97 734.8040555141214
11 98 3850.56047868359
11 99 870.6003675625229
11 100 933.6385810365807
12 1 542.65274347413
12 2 1580.825733596211
12 3 1413.483993542198
12 4 444.6403040661069
12 5 2701.139389220778
12 6 1504.479976603212
12 7 1272.774921185989
12 8 1928.991964731839
12 9 1009.358707298847
12 10 838.1199198205469
12 11 1472.918870814004
12 13 896.8801480688487
12 14 752.9276193632427
12 15 738.4483732800825
12 16 987.486708771313
12 17 2186.609475878123
12 18 458.4233850928637
12 19 734.9911564093816
12 20 1259.366904440481
12 21 1839.905704105512
12 22 1900.927405241978
12 23 1840.427396014306
12 24 636.9654621720082
12 25 2287.302341187102
12 26 918.6560836352198
12 27 504.7316118493075
12 28 2554.080069222576
12 29 490.0653017711007
12 30 1397.027200880498
12 31 1258.613920151847
12 32 764.1969641394816
12 33 1107.418620034899
12 34 2458.197103570013
12 35 1597.530907369244
12 36 951.7588980408851
12 37 703.0768094596777
12 38 2539.866531926432
12 39 2461.583433483415
12 40 224.2008028531566
12 41 1303.315771407681
12 42 1463.722992919084
12 43 2856.490329057671
12 44 1082.748816669868
12 45 1104.19246510742
12 46 324.7229588433808
12 47 1342.259661913447
12 48 1239.649143911292
12 49 393.2861553627333
12 50 2177.036747507952
12 51 1144.414697563781
12 52 1498.175557136079
12 53 522.2451531608504
12 54 1593.463209490574
12 55 1361.471630258964
12 56 2686.314948028246
12 57 974.9220481659033
12 58 2689.226840562172
12 59 1376.539501794264
12 60 639.6131643423234
12 61 757.4509885134484
12 62 2017.67440386203
12 63 1063.88439221562
12 64 1254.344848915162
12 65 1049.137741195121
12 66 967.6455962799604
12 67 1209.829740087422
12 68 1506.368148893225
12 69 1107.512979607914
12 70 2156.519881661191
12 71 2491.083699918572
12 72 2240.60036597337
12 73 1431.019566602777
12 74 1026.638203068637
12 75 1751.320644542284
12 76 2270.370013896413
12 77 1077.308683711405
12 78 1067.701269082321
12 79 969.1465317484245
12 80 1149.720400793167
12 81 1181.120230967195
12 82 1182.79203582033
12 83 2052.933510857086
12 84 1380.608923627542
12 85 523.2790842370828
12 86 2486.038213704689
12 87 1802.75927400194
12 88 2625.048761451871
12 89 1512.429833083175
12 90 2368.098815505806
12 91 2175.722868381908
12 92 824.6235504762158
12 93 383.1918579510791
12 94 2300.983485381849
12 95 2297.60658077052
12 96 1520.572589520145
12 97 1290.530511068994
12 98 2557.461632165769
12 99 731.3173045949344
12 100 1110.618296265643
13 1 744.452819190041
13 2 1022.095885912863
13 3 1545.482772469496
13 4 994.9758791046143
13 5 1966.8472233501
13 6 695.6622743831953
13 7 2031.813475691113
13 8 1044.766002509653
13 9 1864.983914139744
13 10 1572.194962464897
13 11 2321.98621873602
13 12 896.8801480688487
13 14 1369.169821461166
13 15 234.3416309578816
13 16 1884.329058312268
13 17 1291.032532510316
13 18 1355.127300293223
13 19 1527.927354294045
13 20 415.6164096856619
13 21 1532.809511974662
13 22 1033.667741588176
13 23 1363.740811151445
13 24 1355.546015449125
13 25 1391.34539205763
13 26 1727.142437669806
13 27 394.6238715536606
13 28 1737.630858381607
13 29 1376.971314152913
13 30 1036.394230010955
13 31 395.3795644693843
13 32 1506.9323143393
13 33 1734.054785755052
13 34 1563.459305514538
13 35 1075.892652637799
13 36 1571.478603099641
13 37 1592.807898021604
13 38 1743.689192488157
13 39 1650.661988415557
13 40 693.5416353759881
13 41 1211.000412881845
13 42 577.041592954962
13 43 2133.547515289969
13 44 1969.299621692951
13 45 1777.195824888186
13 46 1149.51511516813
13 47 468.3599043470737
13 48 2086.042185575354
13 49 1286.424502254213
13 50 1483.287227747883
13 51 2041.179315983777
13 52 2348.495688733535
13 53 768.1575359260625
13 54 801.6164918463193
13 55 470.468915019898
13 56 1906.723367455279
13 57 1572.987285390445
13 58 1806.953513513837
13 59 1442.276325812776
13 60 916.1009769670591
13 61 1591.138586044597
13 62 1259.353802551134
13 63 1958.088864173432
13 64 401.3838561775996
13 65 313.6431092818715
13 66 1835.511917694897
13 67 317.6948221170751
13 68 1069.720056837302
13 69 1466.99863667285
13 70 1699.046791586388
13 71 1710.468941547902
13 72 1473.674319515679
13 73 1561.347174718038
13 74 1599.261079373846
13 75 900.9916758771969
13 76 1794.888854497682
13 77 662.872536767062
13 78 1910.084814870795
13 79 129.5414991421668
13 80 561.7089993938142
13 81 1839.506727359267
13 82 2026.029861576576
13 83 1285.330307741944
13 84 2234.069157389717
13 85 536.9627547605141
13 86 1790.128487008684
13 87 2589.834936825125
13 88 1778.091392476776
13 89 1348.146134512131
13 90 1473.584066146211
13 91 1626.707103322537
13 92 1587.809182490138
13 93 1177.713887155959
13 94 1733.465027048426
13 95 1689.014505562341
13 96 2312.939471754503
13 97 1959.666553268693
13 98 1690.189338506192
13 99 1482.231088595837
13 100 1714.458806737566
14 1 1288.504559557319
14 2 1561.118188991468
14 3 863.4958019585272
14 4 383.5896244686501
14 5 2710.957395460135
14 6 1741.32133737573
14 7 1684.491614701599
14 8 2242.911054857058
14 9 1280.603373414267
14 10 263.3723599772763
14 11 1072.385191990266
14 12 752.9276193632427
14 13 1369.169821461166
14 15 1317.194746421348
14 16 985.0857830666322
14 17 2539.2386654271
14 18 736.0461942025106
14 19 345.0797009387831
14 20 1783.777172182669
14 21 1547.112471671016
14 22 2175.032183669934
14 23 1692.064124080408
14 24 1232.974046766598
14 25 2639.776505691344
14 26 1321.407204460457
14 27 1072.63134393882
14 28 2687.833514189449
14 29 843.0990451898282
14 30 1264.003560121569
14 31 1608.079910949702
14 32 1300.758624803234
14 33 374.3420895384327
14 34 2792.467904918515
14 35 1541.290692893459
14 36 209.7736875778276
14 37 927.2869027436977
14 38 2643.703841204608
14 39 2592.95294982381
14 40 921.9078045010791
14 41 978.4579704821255
14 42 1928.673378257708
14 43 2842.001583391536
14 44 914.2805915035055
14 45 408.0306361046925
14 46 929.8908538102738
14 47 1693.545688784333
14 48 857.0332548973814
14 49 642.9074583484003
14 50 2186.571974575728
14 51 1095.538680284727
14 52 1099.368000261969
14 53 1270.983870865402
14 54 1795.111417154935
14 55 1819.452939759641
14 56 2756.636356141303
14 57 224.9022009674427
14 58 2956.061061615609
14 59 890.7058998345077
14 60 498.2057807773812
14 61 1157.106736649649
14 62 2119.238070628215
14 63 974.3438817994395
14 64 1770.413793439263
14 65 1350.031851476105
14 66 725.0006896548445
14 67 1618.598158901708
14 68 1402.080240214518
14 69 459.2003919858954
14 70 1941.002318391196
14 71 2576.436686588669
14 72 2329.041433723325
14 73 878.0279038846089
14 74 273.7918917718346
14 75 2009.166991566405
14 76 2056.429916141078
14 77 1131.71816279496
14 78 1361.899408913889
14 79 1484.023247796341
14 80 1298.568827594441
14 81 472.1281605665987
14 82 1450.620901545266
14 83 2161.670650214782
14 84 1003.719582353558
14 85 1217.729444499064
14 86 2467.22070354478
14 87 1243.540509995553
14 88 2808.085646841991
14 89 1177.828510437746
14 90 2704.102069079494
14 91 2040.576879218227
14 92 317.2380809423736
14 93 404.1088962148693
14 94 2168.254828197092
14 95 2205.244657628718
14 96 979.992346908893
14 97 591.7981074657133
14 98 2787.924317480659
14 99 245.3263133053607
14 100 366.5637734419483
15 1 511.1653352879086
15 2 1234.602770124869
15 3 1626.259819340071
15 4 933.6942754456621
15 5 2201.186043931771
15 6 929.7537308341387
15 7 1809.04671028694
15 8 1255.632111726998
15 9 1663.883709878788
15 10 1491.517683435232
15 11 2201.295981916107
15 12 738.4483732800825
15 13 234.3416309578816
15 14 1317.194746421348
15 16 1717.501673943871
15 17 1483.50160094285
15 18 1188.28026997001
15 19 1426.010518895285
15 20 521.3108477674333
15 21 1710.407261443894
15 22 1254.623848011825
15 23 1569.001274696742
15 24 1135.820848549629
15 25 1581.855239900289
15 26 1515.106926919681
15 27 250.3197954617253
15 28 1967.693319600389
15 29 1197.007101064985
15 30 1210.781978722842
15 31 625.8282511999598
15 32 1287.363585006194
15 33 1690.517672193935
15 34 1756.938530512664
15 35 1283.288354190125
15 36 1525.735560311812
15 37 1412.360081565604
15 38 1975.969635394228
15 39 1881.64103909327
15 40 518.6636675148935
15 41 1331.820558483762
15 42 735.6119901143537
15 43 2367.839732752198
15 44 1821.18560284228
15 45 1720.417681843569
15 46 954.1325903667687
15 47 693.7038272923106
15 48 1965.990844332699
15 49 1131.450396614894
15 50 1715.834782256147
15 51 1874.671437879182
15 52 2227.164116090235
15 53 535.7630073082687
15 54 1035.925190349187
15 55 639.8413865951467
15 56 2139.946261007505
15 57 1533.513938638968
15 58 2015.099253138664
15 59 1535.293131620148
15 60 917.3859602152194
15 61 1386.645592788583
15 62 1493.69340896986
15 63 1799.80554505202
15 64 517.3480453234554
15 65 532.3532661682466
15 66 1701.934193792463
15 67 533.496016854859
15 68 1261.10943220642
15 69 1487.887428537522
15 70 1905.63060428825
15 71 1943.877568161123
15 72 1707.85011051907
15 73 1643.059645904555
15 74 1567.801007781281
15 75 1128.518497854599
15 76 2005.14388511149
15 77 827.1130515231881
15 78 1704.372025116582
15 79 244.9020212248155
15 80 762.4440963113295
15 81 1788.487908821304
15 82 1819.637601282189
15 83 1519.616398963896
15 84 2110.577409146606
15 85 308.7539473431878
15 86 2023.415923630137
15 87 2500.311380608423
15 88 2002.086161982046
15 89 1491.029845442404
15 90 1668.031774277697
15 91 1845.744294315981
15 92 1497.654833397869
15 93 1065.458586712783
15 94 1955.565647069921
15 95 1915.40126344325
15 96 2219.632627260647
15 97 1907.303069782042
15 98 1907.48630401374
15 99 1393.879837001741
15 100 1677.177688857087
16 1 1371.312509969919
16 2 2436.577928160723
16 3 1842.205471710471
16 4 1083.994926187388
16 5 3591.318420858835
16 6 2464.230914504564
16 7 860.4661527335053
16 8 2910.440516485434
16 9 426.8219769412067
16 10 774.0290692215635
16 11 684.0847900662607
16 12 987.486708771313
16 13 1884.329058312268
16 14 985.0857830666322
16 15 1717.501673943871
16 17 3173.100849327043
16 18 529.9981132041887
16 19 642.8887928716755
16 20 2238.000223413751
16 21 2519.524756774579
16 22 2875.285203245062
16 23 2626.177640602402
16 24 838.7353575473016
16 25 3273.992364071731
16 26 602.6084964552026
16 27 1491.75064940492
16 28 3495.700931143853
16 29 530.0056603471326
16 30 2180.048852663628
16 31 2238.749874371856
16 32 776.0470346570496
16 33 1050.067616870457
16 34 3444.065185213543
16 35 2433.615622895284
16 36 1011.76924246589
16 37 330.8549531138985
16 38 3470.186738491172
16 39 3401.461009625129
16 40 1199.519903961581
16 41 1945.668522642025
16 42 2449.245802282817
16 43 3735.707295814274
16 44 220.5107707119995
16 45 960.402519780118
16 46 795.7669256761052
16 47 2323.780755579149
16 48 534.0599217316349
16 49 601.770720457551
16 50 3060.669371232378
16 51 157.203689524133
16 52 699.4969621092004
16 53 1339.878352687288
16 54 2544.552023441454
16 55 2348.110942864498
16 56 3604.334335213647
16 57 1054.186416152286
16 58 3667.423755172014
16 59 1875.685741269043
16 60 1334.58795139174
16 61 537.4476718714111
16 62 2940.495876548716
16 63 121.4907403878995
16 64 2234.794173967706
16 65 2014.333636714633
16 66 332.1806737304264
16 67 2196.160740929497
16 68 2311.238845294878
16 69 1428.529663675207
16 70 2900.474443948783
16 71 3413.465101623276
16 72 3161.281385767486
16 73 1855.750252593274
16 74 1111.526877767695
16 75 2720.456211740965
16 76 3016.827804167815
16 77 1949.034632837498
16 78 501.2783657809301
16 79 1954.054502822273
16 80 2068.019584046534
16 81 1020.664979314956
16 82 542.1669484577606
16 83 2979.182773849231
16 84 597.4520901294095
16 85 1457.959190101012
16 86 3359.205858532639
16 87 1130.738254416114
16 88 3583.22829303409
16 89 2152.230935564304
16 90 3353.880439133154
16 91 2975.936827286493
16 92 706.4120610521878
16 93 796.7295651599732
16 94 3104.484659327535
16 95 3126.51531261243
16 96 898.2455120956631
16 97 1051.566926067951
16 98 3527.574237347812
16 99 742.7819330059126
16 100 1091.467360941224
17 1 1957.147158493709
17 2 1266.940014365321
17 3 2349.186242084693
17 4 2206.56701688392
17 5 1237.048503495316
17 6 819.7029949926986
17 7 3271.882791299224
17 8 307.6572768520192
17 9 3147.310280223417
17 10 2778.111588831521
17 11 3568.28207965682
17 12 2186.609475878123
17 13 1291.032532510316
17 14 2539.2386654271
17 15 1483.50160094285
17 16 3173.100849327043
17 18 2645.022684212746
17 19 2764.966726743742
17 20 1004.304734629883
17 21 1845.943661112115
17 22 413.8792094319307
17 23 1500.832435683611
17 24 2609.912259061595
17 25 101.5923225445703
17 26 2995.658525266189
17 27 1685.627776230565
17 28 807.7586273138777
17 29 2667.891489547504
17 30 1564.701249440289
17 31 945.4152526800062
17 32 2760.568057483822
17 33 2865.466279682942
17 34 273.4373785714016
17 35 1338.43191832831
17 36 2717.052079000327
17 37 2883.775303313349
17 38 889.1012315816462
17 39 776.4599152564156
17 40 1984.018397092124
17 41 1934.818079303581
17 42 762.5142621616989
17 43 1389.498470672062
17 44 3247.354923626304
17 45 2932.729786393557
17 46 2435.325440264607
17 47 858.5347983628852
17 48 3334.575385262717
17 49 2572.774572324594
17 50 1082.598725290216
17 51 3329.54050883902
17 52 3595.320430782213
17 53 1987.036235200556
17 54 804.180328035945
17 55 846.0933754615976
17 56 1055.540146086353
17 57 2706.159270996443
17 58 564.8734371520757
17 59 2219.633303048051
17 60 2041.86777240839
17 61 2870.108882952004
17 62 828.9083182113689
17 63 3242.840267419905
17 64 996.9714138329143
17 65 1194.894556017392
17 66 3102.181974030537
17 67 976.9467743945931
17 68 1469.678196068786
17 69 2470.362726402744
17 70 1698.194629599328
17 71 924.658315271106
17 72 856.7432520889791
17 73 2358.793335584955
17 74 2714.151248548982
17 75 568.5463921264474
17 76 1721.478724817707
17 77 1451.173662936314
17 78 3187.540901698361
17 79 1238.631502909562
17 80 1262.006339128294
17 81 2980.597591088069
17 82 3302.568697241588
17 83 802.3820785635731
17 84 3485.003586798728
17 85 1783.861541712248
17 86 1230.660391822212
17 87 3782.439688878066
17 88 707.1576910421041
17 89 1929.442665642076
17 90 185.0432381904294
17 91 1485.203353079975
17 92 2807.167433552904
17 93 2436.384411376825
17 94 1504.404865719332
17 95 1390.103952947405
17 96 3517.829160149765
17 97 3097.84989952709
17 98 541.2993626451079
17 99 2702.853307155237
17 100 2833.972476930572
18 1 876.812408671319
18 2 1973.032691062163
18 3 1569.411673207511
18 4 654.1719957320093
18 5 3115.972079464128
18 6 1951.18528079729
18 7 966.0331257260281
18 8 2385.940904548979
18 9 608.8949006191463
18 10 663.1327167317263
18 11 1078.488757475014
18 12 458.4233850928637
18 13 1355.127300293223
18 14 736.0461942025106
18 15 1188.28026997001
18 16 529.9981132041887
18 17 2645.022684212746
18 19 509.7332635800807
18 20 1709.245740085375
18 21 2140.826242365316
18 22 2354.955838227121
18 23 2197.540670840929
18 24 527.9706431232706
18 25 2745.725405061475
18 26 596.1853738561522
18 27 961.9615376926461
18 28 2993.571946688437
18 29 107.4243920159663
18 30 1747.398351836238
18 31 1714.766747986443
18 32 570.165765370037
18 33 983.8699100999074
18 34 2916.535101794594
18 35 1979.28396143656
18 36 868.7652156940908
