1 2 2793.172031937883
1 3 2096.962565235727
1 4 1655.275505769357
1 5 2250.918034935968
1 6 2118.340152100224
1 7 1514.527319000882
1 8 685.1233465588514
1 9 2586.12625368523
1 10 2735.581291060458
1 11 589.8966011090419
1 12 2971.077245714086
1 13 365.2629190049272
1 14 2002.764339606635
1 15 1022.782479318061
1 16 1432.644059073991
1 17 635.6492743644093
1 18 2103.715760268007
1 19 2630.069580828614
1 20 2439.551803098266
1 21 2938.500467925775
1 22 1326.701925829612
1 23 854.279813644218
1 24 406.9754292337561
1 25 2415.122564177645
1 26 2869.240491837518
1 27 350.4069063246328
1 28 3096.385150461745
1 29 1783.054962697449
1 30 2740.50086663004
1 31 1831.60749070318
1 32 560.5086975239545
1 33 2057.08774727769
1 34 360.0055555126893
1 35 2459.639201183783
1 36 1681.049672079918
1 37 2535.001775147307
1 38 521.0700528719723
1 39 1182.68888554852
1 40 2093.77171630529
1 41 659.7575312188562
1 42 1005.337754190103
1 43 1499.881661998706
1 44 1796.080454768104
1 45 2035.266075971395
1 46 874.9822855349702
1 47 2858.447305793829
1 48 2949.661845025629
1 49 979.6815809231078
1 50 93.34880824091971
1 51 2608.80988191934
1 52 662.7005356871232
1 53 2078.845833629805
1 54 1301.393483924059
1 55 2691.002043849094
1 56 3156.412678975929
1 57 1882.639105086262
1 58 1578.646572225715
1 59 1948.045430681738
1 60 1979.203122471264
1 61 1258.342163324427
1 62 2361.190589511994
1 63 1298.258833977262
1 64 1708.926271083688
1 65 1797.811169172113
1 66 607.6454558375303
1 67 1661.376838649197
1 68 2010.535500805693
1 69 1059.745252407389
1 70 974.4834529123622
1 71 1456.782756625023
1 72 1791.100499692856
1 73 1040.535439088934
1 74 1260.057141561445
1 75 1695.991155637316
1 76 1452.149097028263
1 77 1459.535885136094
1 78 1761.213502105863
1 79 438.0011415510238
1 80 1525.01540975821
1 81 371.5171597651985
1 82 2311.228677565247
1 83 2109.90236740945
1 84 709.9309825609811
1 85 1917.977319991037
1 86 1655.450391887356
1 87 2872.216043406206
1 88 403.3174928018868
1 89 779.6370950641074
1 90 653.6941180705238
1 91 1296.856584206596
1 92 2777.777888888887
1 93 1723.09401948936
1 94 509.3456586641335
1 95 3179.242991656976
1 96 1638.841053915846
1 97 778.8074216390082
1 98 970.7862792602706
1 99 1877.164084463583
1 100 2718.803045459527
2 1 2793.172031937883
2 3 992.5049118266368
2 4 1157.307651404759
2 5 725.4033360827616
2 6 1114.034559607555
2 7 3132.021870932577
2 8 2870.723950504472
2 9 955.590393421784
2 10 1100.638451081916
2 11 3275.013893100303
2 12 1787.501608390885
2 13 2456.245305339025
2 14 2058.96600263336
2 15 1921.131437460748
2 16 1673.66812719846
2 17 3405.50730435276
2 18 1322.882458875315
2 19 195.2741662381381
2 20 1196.735977565645
2 21 1395.18636747927
2 22 3844.074921226172
2 23 3234.618370070881
2 24 2397.807540233369
2 25 1224.224244164442
2 26 836.909194596403
2 27 2459.281399108284
2 28 1721.738946530513
2 29 3936.838452362505
2 30 206.5260274154326
2 31 2444.402585500187
2 32 3337.747743613948
2 33 2143.406634309039
2 34 2818.255133943696
2 35 402.851089113583
2 36 3583.406479873585
2 37 260.2306669091865
2 38 2910.063229553612
2 39 1641.220582371547
2 40 1096.449725249635
2 41 2150.592941493113
2 42 3446.959529788535
2 43 1371.872078584589
2 44 1012.474691041707
2 45 2301.691986343959
2 46 2682.325110794737
2 47 1560.451537216071
2 48 202.2992832414391
2 49 3745.602488252057
2 50 2861.610735232869
2 51 188.0983785150739
2 52 2785.061938269955
2 53 780.565179853675
2 54 1629.962269501966
2 55 773.0523914974974
2 56 1397.005726545171
2 57 2662.645301199542
2 58 3860.389229080405
2 59 1223.202763240829
2 60 821.112050818888
2 61 2926.305691482009
2 62 436.2854570118055
2 63 1718.211279208701
2 64 1345.495076170849
2 65 2064.311265289225
2 66 2892.245667297299
2 67 3475.204310540605
2 68 2078.937468997084
2 69 2158.121868662658
2 70 3695.24721771088
2 71 1344.45602382525
2 72 2764.978300095681
2 73 1766.900110362779
2 74 3087.83192547781
2 75 3469.764833529789
2 76 2534.154888715368
2 77 1479.639483117425
2 78 2365.01268495541
2 79 2381.634942639195
2 80 2425.98145087715
2 81 2770.878019689788
2 82 1593.105144050448
2 83 1065.22579765982
2 84 2151.632868311878
2 85 1364.658565356185
2 86 1834.865117658516
2 87 826.6589381359158
2 88 2390.047070666183
2 89 3471.41988241123
2 90 3408.602352871335
2 91 1626.075336508121
2 92 387.8659562271482
2 93 1070.078969048546
2 94 3301.700319532347
2 95 1305.712066268823
2 96 1784.838928306978
2 97 3564.87545364491
2 98 3750.814844803726
2 99 2415.041407512509
2 100 101.9803902718557
3 1 2096.962565235727
3 2 992.5049118266368
3 4 571.6861026822324
3 5 267.7386785654998
3 6 155.5409913816933
3 7 2156.375894875473
3 8 2003.547354069776
3 9 505.9693666616587
3 10 688.0443299671904
3 11 2479.992338697843
3 12 1205.842444102877
3 13 1823.19088413693
3 14 1085.259876711564
3 15 1096.864622458032
3 16 748.1824643761707
3 17 2647.731481853853
3 18 370.7937432050331
3 19 798.3144743771091
3 20 479.1294188421329
3 21 971.518913866323
3 22 2960.089525673168
3 23 2359.576656945055
3 24 1691.288562014182
3 25 478.2352977353303
3 26 772.295927737548
3 27 1746.56033391349
3 28 1243.296022675212
3 29 2982.653348949555
3 30 1083.251125085961
3 31 1453.611364842749
3 32 2657.250082321948
3 33 1175.238699158601
3 34 2024.430784195893
3 35 930.4219472905828
3 36 2613.920427250991
3 37 780.3858020235889
3 38 2080.079325410452
3 39 933.3129164433545
3 40 120.8139064843116
3 41 1441.372956593817
3 42 2567.608225567133
3 43 609.5842845743318
3 44 513.4715181974556
3 45 1326.857942660027
3 46 1777.101572786429
3 47 1000.250468632732
3 48 1052.416742550212
3 49 2970.013467982932
3 50 2144.742875031877
3 51 879.7937258244117
3 52 1921.349525724042
3 53 339.6998675301479
3 54 800.3505481974757
3 55 594.8310684555742
3 56 1141.133208700895
3 57 1671.804414397809
3 58 2927.356657464205
3 59 232.0452542070188
3 60 516.2567190846042
3 61 1968.376234361714
3 62 653.7010019879119
3 63 838.6894538504702
3 64 412.146818500398
3 65 1073.43793486163
3 66 2042.12952576471
3 67 2501.730001419018
3 68 1105.910032507166
3 69 1250.091196673267
3 70 2890.946211882885
3 71 746.7502929359988
3 72 1772.474259333545
3 73 1083.070634815662
3 74 2135.802425319346
3 75 2493.297013995725
3 76 1552.103411503241
3 77 638.978090391212
3 78 1372.863066733168
3 79 1757.42112198528
3 80 1438.923208513922
3 81 1974.848095424051
3 82 720.1180458785907
3 83 95.35197952848173
3 84 1391.486255771145
3 85 372.3613836046912
3 86 845.2455264596199
3 87 775.2657608846143
3 88 1719.104708852838
3 89 2665.168287369486
3 90 2639.219581618779
3 91 803.196738041185
3 92 775.57849377094
3 93 668.6441505015953
3 94 2580.638099385499
3 95 1131.824191294744
3 96 797.819528464928
3 97 2870.167416719798
3 98 2990.409002126632
3 99 1426.248575809981
3 100 980.1520290240693
4 1 1655.275505769357
4 2 1157.307651404759
4 3 571.6861026822324
4 5 622.7912973059274
4 6 682.0689114744931
4 7 2091.344543589124
4 8 1723.130000899526
4 9 1064.917837206232
4 10 1255.850309551262
4 11 2118.413793384097
4 12 1754.451766222144
4 13 1339.589489358587
4 14 1343.857879390525
4 15 775.6526284362092
4 16 642.6523165756115
4 17 2254.576900440524
4 18 822.8687623187552
4 19 982.4260786440881
4 20 1042.353107157071
4 21 1543.004860653394
4 22 2696.231629515536
4 23 2086.882124126804
4 24 1252.390514176788
4 25 1035.854236849954
4 26 1287.612519355105
4 27 1312.8777551623
4 28 1807.097119692243
4 29 2840.372510780936
4 30 1144.162575860616
4 31 1589.415301297933
4 32 2210.192977999885
4 33 1440.583562310774
4 34 1661.103548849379
4 35 886.0530458161069
4 36 2518.087567976936
4 37 897.149374407629
4 38 1754.116586775235
4 39 484.3841450749601
4 40 642.2935465968812
4 41 1001.199780263659
4 42 2299.421014081589
4 43 251.8293072698251
4 44 144.8378403594862
4 45 1557.728153433711
4 46 1556.754637057491
4 47 1560.354446912624
4 48 1299.779212020257
4 49 2592.362821828765
4 50 1717.81751068034
4 51 981.5100610793554
4 52 1637.122170151024
4 53 427.8329113100113
4 54 507.0069033060595
4 55 1104.630707521749
4 56 1709.868415989956
4 57 1793.093695265253
4 58 2741.022072147541
4 59 585.328967333755
4 60 337.4403651017465
4 61 1852.824870299403
4 62 721.0686513779392
4 63 623.3498215288106
4 64 453.4423888433899
4 65 1243.778115260114
4 66 1739.740785289579
4 67 2421.075793939545
4 68 1364.313746907213
4 69 1052.545960991728
4 70 2538.504480988757
4 71 202.338824747007
4 72 1848.264050399726
4 73 616.2929498217549
4 74 2001.093950817902
4 75 2423.684179095948
4 76 1538.083222715858
4 77 394.1674770957137
4 78 1492.885796033977
4 79 1267.909302750003
4 80 1461.001368924752
4 81 1613.623252187449
4 82 1182.837689626096
4 83 637.9318145381997
4 84 994.6702971336783
4 85 686.9119303083911
4 86 953.7321426899694
4 87 1287.680861083211
4 88 1256.230870501119
4 89 2314.367516190979
4 90 2255.492185754586
4 91 499.2995093127972
4 92 1125.947156841741
4 93 178.1010948871455
4 94 2159.652286827673
4 95 1693.629534461418
4 96 893.5664496835141
4 97 2433.293241678857
4 98 2600.500144203034
4 99 1582.731815564469
4 100 1095.295850444071
5 1 2250.918034935968
5 2 725.4033360827616
5 3 267.7386785654998
5 4 622.7912973059274
5 6 401.9266102163429
5 7 2414.697703647395
5 8 2218.612629550278
5 9 504.4571339568903
5 10 707.0452602203059
5 11 2671.20384845485
5 12 1328.700116655372
5 13 1951.765610927706
5 14 1348.248122564982
5 15 1286.22393073679
5 16 978.358318817804
5 17 2826.885565423546
5 18 619.8870864923708
5 19 530.8351909962263
5 20 612.0073528970056
5 21 1025.154134752428
5 22 3184.333211207646
5 23 2579.000193873587
5 24 1844.152108693857
5 25 625.7195857570706
5 26 671.4171579577037
5 27 1902.427133952835
5 28 1331.482256734952
5 29 3232.783475582613
5 30 818.0739575368476
5 31 1721.316356745616
5 32 2810.351223601776
5 33 1436.605025746464
5 34 2212.478248480649
5 35 686.1348264007593
5 36 2869.893377810402
5 37 515.2184002925361
5 38 2281.701558048291
5 39 1068.646340002154
5 40 377.9735440477283
5 41 1591.188235250625
5 42 2789.243625071141
5 43 753.2761777728007
5 44 509.2239193125162
5 45 1590.553362826912
5 46 2005.851938703353
5 47 1106.329516916185
5 48 795.6161134617624
5 49 3156.67800068363
5 50 2306.348195741484
5 51 614.0659573694018
5 52 2134.689672996991
5 53 217.8623418583395
5 54 985.2456546465962
5 55 490.4079934095691
5 56 1148.522964507023
5 57 1939.520043722158
5 58 3169.412721625254
5 59 497.8001607070854
5 60 411.418278641093
5 61 2218.957638171581
5 62 403.7140076836571
5 63 1047.940838024743
5 64 640.5193205516911
5 65 1341.131238917355
5 66 2250.992003539773
5 67 2759.308790258894
5 68 1368.716552102735
5 69 1477.079551005971
5 70 3087.118073543673
5 71 823.0771531272144
5 72 2039.785527941602
5 73 1213.969521857942
5 74 2384.196300643049
5 75 2752.152975399442
5 76 1813.016547083892
5 77 823.786987030021
5 78 1640.538021503921
5 79 1881.861046942627
5 80 1702.370112519601
5 81 2163.33376990237
5 82 940.4690319197118
5 83 347.3326935374786
5 84 1559.941665575992
5 85 640.0695274733831
5 86 1110.0
5 87 670.400626491354
5 88 1859.517410512738
5 89 2861.146972806535
5 90 2822.314652904598
5 91 985.0324867739134
5 92 543.3985645914056
5 93 648.734922753508
5 94 2746.897340637251
5 95 1111.831821814792
5 96 1060.867569492064
5 97 3029.270704311518
5 98 3172.025535836684
5 99 1693.66259922099
5 100 712.7650384243043
6 1 2118.340152100224
6 2 1114.034559607555
6 3 155.5409913816933
6 4 682.0689114744931
6 5 401.9266102163429
6 7 2069.033590834136
6 8 1973.685131929609
6 9 469.5913116743111
6 10 622.5961773091768
6 11 2469.96862328249
6 12 1074.339331868661
6 13 1864.064913032805
6 14 947.7763449253205
6 15 1101.641048617924
6 16 719.813864828957
6 17 2647.082356104547
6 18 219.1460700081113
6 19 922.8721471579906
6 20 363.7609104892938
6 21 875.4164723147492
6 22 2917.008227619524
6 23 2323.495857538808
6 24 1716.638575821946
6 25 354.4573317058063
6 26 771.0045395456501
6 27 1769.20377571381
6 28 1125.821477855171
6 29 2907.412939367231
6 30 1219.118534023661
6 31 1332.630856614089
6 32 2676.41868921886
6 33 1035.193218679489
6 34 2019.501176033329
6 35 1079.824059743068
6 36 2529.880827232777
6 37 916.600785511337
6 38 2062.765376866696
6 39 983.7611498732809
6 40 40.80441152620633
6 41 1471.738088112148
6 42 2528.437659899884
6 43 668.4309986827361
6 44 645.8266021154594
6 45 1190.41379360288
6 46 1733.886097758443
6 47 878.4190344021468
6 48 1154.334440272835
6 49 2962.093347617526
6 50 2160.183557015468
6 51 1014.932510071483
6 52 1893.733085733045
6 53 495.1817848023088
6 54 817.6368387004098
6 55 608.3625563757191
6 56 1064.886848449167
6 57 1550.677593827937
6 58 2863.483892044794
6 59 172.9855485293497
6 60 668.0479024740666
6 61 1895.190227919087
6 62 800.2961951677642
6 63 831.3055996443185
6 64 409.414215678938
6 65 953.4201592162817
6 66 2018.191269429139
6 67 2414.983643836952
6 68 968.0960696129284
6 69 1214.049834232516
6 70 2875.116867189924
6 71 837.6353621952693
6 72 1659.058166551131
6 73 1132.586862011034
6 74 2065.316682738993
6 75 2404.091720380069
6 76 1461.471176588851
6 77 664.115953730973
6 78 1256.417924100098
6 79 1801.550443368156
6 80 1342.338630897584
6 81 1969.869538827381
6 82 564.7379923468935
6 83 60.20797289396148
6 84 1408.584040801258
6 85 270.085171751431
6 86 749.6325766667294
6 87 776.1700844531435
6 88 1752.968339702688
6 89 2650.262817156065
6 90 2635.387827246685
6 91 823.029768598925
6 92 858.6530149018287
6 93 799.4960912975122
6 94 2590.373718211332
6 95 1070.544254106293
6 96 708.7968679389039
6 97 2884.173711828052
6 98 2986.592205172979
6 99 1301.70119459114
6 100 1110.521048877508
7 1 1514.527319000882
7 2 3132.021870932577
7 3 2156.375894875473
7 4 2091.344543589124
7 5 2414.697703647395
7 6 2069.033590834136
7 8 829.8246802789129
7 9 2461.040430387116
7 10 2508.38473922961
7 11 1255.079678745537
7 12 2364.901900713854
7 13 1671.119983723491
7 14 1305.117619220582
7 15 1382.927691529821
7 16 1472.176619838802
7 17 1479.882765627061
7 18 1908.58193431668
7 19 2937.101462326421
7 20 2205.272318785142
7 21 2546.095442044544
7 22 1138.27984256948
7 23 833.0720256976584
7 24 1465.634333658979
7 25 2170.202755504656
7 26 2777.743688679717
7 27 1442.307179487088
7 28 2538.499162891334
7 29 863.1952270488988
7 30 3181.611227035761
7 31 878.7860945645419
7 32 1761.370205266343
7 33 1281.624359943271
7 34 1154.887440402743
7 35 2955.317918600299
7 36 463.1857078969514
7 37 2892.436516157269
7 38 1004.840783407998
7 39 1718.383542751734
7 40 2072.935358374689
7 41 1505.2312114755
7 42 901.0488333048326
7 43 1839.78803126882
7 44 2215.815876827314
7 45 1146.832594583883
7 46 701.3879097902957
7 47 2372.121413418799
7 48 3208.394614133368
7 49 1595.692012889705
7 50 1454.279546717205
7 51 2990.264871211245
7 52 857.3943083552631
7 53 2363.099870932247
7 54 1589.070797667618
7 55 2648.751592731942
7 56 2781.939611134649
7 57 740.5194123046336
7 58 892.1031330513306
7 59 1925.712335734494
7 60 2394.417674508773
7 61 280.8451530648161
7 62 2730.776080164758
7 63 1468.003065391895
7 64 1787.702436089407
7 65 1175.960033334467
7 66 911.0718961750495
7 67 345.950863563021
7 68 1295.472886632522
7 69 1055.928501367398
7 70 1432.438829409479
7 71 1986.43524938519
7 72 577.6659934598886
7 73 1690.493714865572
7 74 265.3469426995533
7 75 337.7469466923424
7 76 608.0476954976476
7 77 1702.166266849393
7 78 899.9344420567534
7 79 1691.76003026434
7 80 733.5100544641498
7 81 1145.126193919255
7 82 1857.600872092818
7 83 2102.884923147246
7 84 1387.142746800055
7 85 1799.315981143946
7 86 1319.573037008562
7 87 2786.106243487495
7 88 1565.268667034513
7 89 1293.564455293976
7 90 1430.647755389145
7 91 1598.662566021986
7 92 2925.907209738545
7 93 2254.547848239199
7 94 1584.409038095908
7 95 2857.436788452196
7 96 1361.257139558871
7 97 1827.033114095089
7 98 1665.978691340318
7 99 936.0096153352272
7 100 3100.926474458884
8 1 685.1233465588514
8 2 2870.723950504472
8 3 2003.547354069776
8 4 1723.130000899526
8 5 2218.612629550278
8 6 1973.685131929609
8 7 829.8246802789129
8 9 2433.087133663733
8 10 2542.62325168319
8 11 564.1311904158464
8 12 2622.977315952237
8 13 883.3555343122043
8 14 1563.955562028538
8 15 949.8684119392539
8 16 1257.192507136437
8 17 788.684981472324
8 18 1889.216239608373
8 19 2686.178698448784
8 20 2229.014356167317
8 21 2680.318078139235
8 22 973.611832302792
8 23 364.0054944640259
8 24 712.8990110808122
8 25 2198.398735443595
8 26 2743.625521094305
8 27 672.2328465643434
8 28 2772.682636004345
8 29 1216.546341081999
8 30 2867.244844794389
8 31 1284.554397446834
8 32 994.0382286411323
8 33 1593.210594993644
8 34 325.1861005639694
8 35 2604.419513058524
8 36 1030.092228880502
8 37 2612.586457899527
8 38 185.2241884851976
8 39 1254.896410067381
8 40 1961.043089786657
8 41 847.3169418818438
8 42 576.5223326116691
8 43 1498.877246474841
8 44 1866.262843224394
8 45 1528.474402795153
8 46 285.7761361625564
8 47 2556.705888443174
8 48 2992.928498978885
8 49 1037.058339728291
8 50 625.1399843235114
8 51 2701.20806307104
8 52 86.03487664894976
8 53 2097.038387822216
8 54 1242.861617397528
8 55 2581.186161438186
8 56 2913.466835232555
8 57 1283.202244387065
8 58 1061.239369793639
8 59 1803.110922821999
8 60 2059.291382976193
8 61 582.1279927988346
8 62 2437.64825190182
8 63 1170.80912193235
8 64 1591.546731956055
8 65 1367.27356443398
8 66 88.11923740024082
8 67 993.279920264172
8 68 1565.678447191504
8 69 760.1065714753425
8 70 921.1405973031478
8 71 1559.008017939613
8 72 1166.057031195301
8 73 1163.615056623109
8 74 575.5432216610669
8 75 1024.041014803606
8 76 880.3618574200043
8 77 1399.261590982901
8 78 1236.723493752747
8 79 919.9918477899682
8 80 987.300359566429
8 81 319.2694786540048
8 82 1996.132260147108
8 83 1985.012342530897
8 84 775.4869437972505
8 85 1723.776377608186
8 86 1328.575929331854
8 87 2749.20152044189
8 88 802.1851407250075
8 89 705.7619995437556
8 90 754.9264864872606
8 91 1245.831850612273
8 92 2761.786378415246
8 93 1848.8669503239
8 94 831.4715870070365
8 95 2960.179048638781
8 96 1336.61737232463
8 97 1116.548700236582
8 98 1081.386147497738
8 99 1338.489073545242
8 100 2815.363564444209
9 1 2586.12625368523
9 2 955.590393421784
9 3 505.9693666616587
9 4 1064.917837206232
9 5 504.4571339568903
9 6 469.5913116743111
9 7 2461.040430387116
9 8 2433.087133663733
9 10 202.5882523741197
9 11 2937.152532641095
9 12 861.1486515114565
9 13 2323.843798537242
9 14 1225.980423987267
9 15 1571.137486027241
9 16 1185.974704620634
9 17 3116.13045298171
9 18 559.0536646870316
9 19 804.5153820779315
9 20 275.0454507895013
9 21 523.0544904692053
9 22 3364.369926152593
9 23 2777.933224539423
9 24 2183.059321227895
9 25 309.5351353239241
9 26 318.2766092567909
9 27 2236.454783804046
9 28 838.6000238492722
9 29 3314.881898348718
9 30 1123.345895083077
9 31 1655.889187113679
9 32 3144.885530508225
9 33 1294.100846147625
9 34 2488.142479843146
9 35 1096.029196691402
9 36 2924.223828642397
9 37 859.2677114846106
9 38 2527.968552019585
9 39 1436.229090361284
9 40 492.3789191263168
9 41 1936.118023262012
9 42 2980.013590573036
9 43 1113.676793329196
9 44 980.612053770501
9 45 1458.692908051589
9 46 2185.091531263622
9 47 632.0
9 48 912.4845204166479
9 49 3429.571547584334
9 50 2629.127802142756
9 51 937.1808790196266
9 52 2354.594869611331
9 53 715.721314479316
9 54 1284.741997445401
9 55 208.7989463574948
9 56 650.3076195155644
9 57 1866.820023462358
9 58 3287.933089343516
9 59 642.2460587656416
9 60 913.4484112417077
9 61 2312.297991176743
9 62 830.7647079648966
9 63 1300.747861808737
9 64 878.0022779013731
9 65 1296.232232279386
9 66 2480.629758750789
9 67 2805.08003450882
9 68 1243.20955594783
9 69 1673.136276577613
9 70 3340.021706516291
9 71 1249.193739977911
9 72 1996.519471480306
9 73 1586.024274719653
9 74 2484.896979755901
9 75 2789.480417568835
9 76 1855.642745789178
9 77 1128.107264403523
9 78 1596.231186263444
9 79 2259.353004733877
9 80 1727.543053009099
9 81 2438.532755572498
9 82 686.5340486822193
9 83 476.8700032503617
9 84 1876.817785508226
9 85 709.6773914956007
9 86 1157.00691441322
9 87 325.9509165503297
9 88 2216.189973806397
9 89 3115.710673345649
9 90 3103.930572677166
9 91 1289.484393081204
9 92 592.6457626609676
9 93 1131.244447500186
9 94 3059.918953175067
9 95 628.7837466092774
9 96 1128.083773484931
9 97 3353.447479833254
9 98 3455.014471749721
9 99 1614.026641663638
9 100 995.3215560812496
10 1 2735.581291060458
10 2 1100.638451081916
10 3 688.0443299671904
10 4 1255.850309551262
10 5 707.0452602203059
10 6 622.5961773091768
10 7 2508.38473922961
10 8 2542.62325168319
10 9 202.5882523741197
10 11 3061.105845932153
10 12 688.3669079785867
10 13 2486.592045350423
10 14 1233.094481376022
10 15 1714.430809335857
10 16 1315.578199880189
10 17 3247.328902344202
10 18 653.6520481112256
10 19 967.9736566663372
10 20 314.6362979695763
10 21 323.5428874198906
10 22 3455.045730522246
10 23 2879.137544474039
10 24 2336.214459333732
10 25 347.0705980056507
10 26 322.5182165397794
10 27 2387.676695032223
10 28 645.8049241063434
10 29 3368.869840168955
10 30 1281.700433018574
10 31 1672.530119310262
10 32 3291.626497645199
10 33 1289.321139204659
10 34 2618.305749907753
10 35 1279.694494791628
10 36 2970.232482483484
10 37 1035.007729439737
10 38 2647.764528805385
10 39 1605.058254394525
10 40 652.5710689265959
10 41 2093.104154121338
10 42 3076.871950536779
10 43 1286.104972387557
10 44 1177.713887155959
10 45 1452.697146689564
10 46 2284.858201289524
10 47 460.0891218014179
10 48 1027.428829651962
10 49 3553.657974538349
10 50 2774.226558880871
10 51 1105.684403435266
10 52 2466.757588414395
10 53 917.7085594021667
10 54 1437.812226961504
10 55 328.105166067223
10 56 454.0418482915424
10 57 1875.666548190269
10 58 3356.005065550408
10 59 788.7420364098772
10 60 1115.69260999614
10 61 2379.285607067802
10 62 1022.234806685822
10 63 1440.197555892941
10 64 1029.218149859397
10 65 1332.888592493761
10 66 2595.041810838507
10 67 2848.766750718633
10 68 1248.128198543723
10 69 1786.455988822563
10 70 3457.345947399537
10 71 1434.793713395762
10 72 2015.009677396116
10 73 1754.301285412514
10 74 2552.671737611399
10 75 2830.015017627999
10 76 1910.607233316152
10 77 1286.396517408221
10 78 1623.099504035412
10 79 2424.139022416
10 80 1778.545754261048
10 81 2568.910274805253
10 82 670.0783536273948
10 83 643.1865981190839
10 84 2025.76923661112
10 85 827.6134363336545
10 86 1235.025910659368
10 87 333.9011829868232
10 88 2374.721036248258
10 89 3234.701377252621
10 90 3232.517440014825
10 91 1443.807466388784
10 92 718.7941290800865
10 93 1329.661611087573
10 94 3199.612789073078
10 95 448.1260983250139
10 96 1214.687202534051
10 97 3495.870134887736
10 98 3582.593055316219
10 99 1625.85362194756
10 100 1152.113275680825
11 1 589.8966011090419
11 2 3275.013893100303
11 3 2479.992338697843
11 4 2118.413793384097
11 5 2671.20384845485
11 6 2469.96862328249
11 7 1255.079678745537
11 8 564.1311904158464
11 9 2937.152532641095
11 10 3061.105845932153
11 12 3179.494613928446
11 13 944.8264390881534
11 14 2127.119413667225
11 15 1386.172427946826
11 16 1751.179316917602
11 17 231.4908205523493
11 18 2408.761092346022
11 19 3100.354818403855
11 20 2750.691004093335
11 21 3218.508505503753
11 22 744.0134407388082
11 23 429.1200298284851
11 24 902.2023054725586
11 25 2721.735659464379
11 26 3239.929783189753
11 27 840.9310316547962
11 28 3325.599645176791
11 29 1269.716897579929
11 30 3244.155514151564
11 31 1842.829346412738
11 32 519.1724183737036
11 33 2157.321487400522
11 34 459.1840589567543
11 35 2968.765568380232
11 36 1267.464397922088
11 37 3014.790871685796
11 38 417.612260356422
11 39 1634.055384618282
11 40 2452.62838603813
11 41 1132.70737615679
11 42 482.1970551548402
11 43 1923.815219817122
11 44 2263.074236519872
11 45 2091.040410895973
11 46 849.8470450616393
11 47 3104.523312845307
11 48 3416.006586644704
11 49 492.6438876105132
11 50 496.9547263081417
11 51 3096.137755333247
11 52 619.4271547163556
11 53 2524.097066279346
11 54 1686.896855175206
11 55 3070.219861834002
11 56 3448.749483508479
11 57 1824.347554606852
11 58 1043.519525452207
11 59 2297.11841227221
11 60 2453.90321732541
11 61 1071.237135278646
11 62 2838.797808932507
11 63 1642.564458400339
11 64 2070.933364451884
11 65 1929.076722165295
11 66 488.668599359525
11 67 1285.292573696744
11 68 2129.184116040696
11 69 1278.690736652143
11 70 420.3046514137097
11 71 1931.841090773255
11 72 1694.205713601509
11 73 1510.49793114721
11 74 992.3678753365608
11 75 1328.415597619962
11 76 1438.046244040851
11 77 1849.287700710736
11 78 1798.770969300984
11 79 1012.371967213632
11 80 1549.465068983486
11 81 508.0246057033065
11 82 2543.752346436264
11 83 2473.873481000999
11 84 1123.797134717828
11 85 2234.40215717762
11 86 1872.073182330221
11 87 3244.560524940165
11 88 943.8861160118842
11 89 199.85995096567
11 90 191.6715941395595
11 91 1686.498443521369
11 92 3212.05043546953
11 93 2214.786897198012
11 94 339.8484956565205
11 95 3489.011321277132
11 96 1873.986659504277
11 97 576.0946102854981
11 98 525.0904683956851
11 99 1897.890671245317
11 100 3208.903239426206
12 1 2971.077245714086
12 2 1787.501608390885
12 3 1205.842444102877
12 4 1754.451766222144
12 5 1328.700116655372
12 6 1074.339331868661
12 7 2364.901900713854
12 8 2622.977315952237
12 9 861.1486515114565
12 10 688.3669079785867
12 11 3179.494613928446
12 13 2790.079031138724
12 14 1083.413586770999
12 15 1974.071933846383
12 16 1563.566755850226
12 17 3390.334791727802
12 18 952.4914697780763
12 19 1655.739713843936
12 20 729.9650676573503
12 21 410.0987685911773
12 22 3433.312394758158
12 23 2914.379865425919
12 24 2602.184659089358
12 25 727.7149167084594
12 26 970.8084260038125
12 27 2643.189928854905
12 28 181.0331461362808
12 29 3217.238722880228
12 30 1970.067257735126
12 31 1486.486461425061
12 32 3500.219707389809
12 33 1087.589076811642
12 34 2776.733332533032
12 35 1957.147158493709
12 36 2803.141808756739
12 37 1718.588374218795
12 38 2763.606701395841
12 39 1977.049569434211
12 40 1114.854250563723
12 41 2386.422426981443
12 42 3089.044512466598
12 43 1697.222731405634
12 44 1717.50778746415
12 45 1218.628737557095
12 46 2341.094188622064
12 47 229.5582714693592
12 48 1701.686516371332
12 49 3660.035518953334
12 50 2989.563513290861
12 51 1792.468967653276
12 52 2560.613988870638
12 53 1513.439790675533
12 54 1758.443914374297
12 55 1016.3188476064
12 56 550.1754265686536
12 57 1643.007608016469
12 58 3254.308682347143
12 59 1181.45376549402
12 60 1708.249689009192
12 61 2311.291630236219
12 62 1689.17524253702
12 63 1709.306292037796
12 64 1391.694291142994
12 65 1263.338830243098
12 66 2691.955608846476
12 67 2678.078602281867
12 68 1087.805589248373
12 69 1926.95822476773
12 70 3538.563832969528
12 71 1895.068336498713
12 72 1803.400399245825
12 73 2114.835691017153
12 74 2478.681100908304
12 75 2649.258386794312
12 76 1832.381237624965
12 77 1641.726225653961
12 78 1477.621399411906
12 79 2739.237302608155
12 80 1698.739532712417
12 81 2730.133513218722
12 82 662.0891178685843
12 83 1123.866540119422
12 84 2288.416483072957
12 85 1129.563189910153
12 86 1321.26000469249
12 87 982.255058526043
12 88 2662.930153045701
12 89 3328.232263529696
12 90 3365.086625928076
12 91 1768.739946967897
12 92 1402.615414146016
12 93 1872.190428348569
12 94 3379.701909932295
12 95 665.3435202960949
12 96 1332.956113306061
12 97 3680.979353378663
12 98 3702.722511882304
12 99 1428.925820327983
12 100 1840.472222012601
13 1 365.2629190049272
13 2 2456.245305339025
13 3 1823.19088413693
13 4 1339.589489358587
13 5 1951.765610927706
13 6 1864.064913032805
13 7 1671.119983723491
13 8 883.3555343122043
13 9 2323.843798537242
13 10 2486.592045350423
13 11 944.8264390881534
13 12 2790.079031138724
13 14 1900.293135282028
13 15 816.8702467344492
13 16 1226.85043913266
13 17 1000.348439295029
13 18 1879.849196079303
13 19 2299.700197851885
13 20 2204.223219186296
13 21 2714.229909200766
13 22 1666.902816603296
13 23 1142.460940251351
13 24 228.7400271050084
13 25 2183.09734093558
13 26 2591.85377673973
13 27 232.0086205294967
13 28 2900.77575831018
13 29 2069.699495095846
13 30 2393.768576951415
13 31 1809.491917638761
13 32 882.0051020260597
13 33 1967.948424120917
13 34 599.6540669419328
13 35 2111.513675068196
13 36 1913.417100373047
13 37 2200.394737314194
13 38 767.8704317786953
13 39 890.5997978890406
13 40 1835.423929232699
13 41 403.832886228945
13 42 1319.430558991264
13 43 1214.634924576105
13 44 1475.553455487127
13 45 1975.408059110826
13 46 976.6191683558131
13 47 2656.092242374124
13 48 2619.562177158618
13 49 1343.720581073312
13 50 453.0309040231141
13 51 2270.110569994334
13 52 829.0289500373314
13 53 1767.224094448692
13 54 1053.658388663043
13 55 2410.586858007817
13 56 2921.994182061285
13 57 1901.095736673984
13 58 1882.360751822031
13 59 1699.649963963169
13 60 1651.770565181496
13 61 1395.399584348512
13 62 2028.80260252199
13 63 1082.203770091382
13 64 1459.29092370233
13 65 1700.307031097619
13 66 828.6965669049197
13 67 1873.965848141316
13 68 1911.431923977414
13 69 964.6413841423143
13 70 1338.919340363713
13 71 1137.673503251262
13 72 1837.76494688521
13 73 741.4560000431584
13 74 1439.450242280017
13 75 1902.520696339464
13 76 1470.918080655752
13 77 1200.328288427795
13 78 1726.281552933935
13 79 75.32595834106593
13 80 1513.84444379203
13 81 580.4825578774955
13 82 2128.60635158312
13 83 1847.938581230448
13 84 509.6165224951012
13 85 1692.072102482634
13 86 1508.444563117916
13 87 2593.839239428689
13 88 136.0
13 89 1139.402036157563
13 90 1018.943079862658
13 91 1046.231331972045
13 92 2465.387799109909
13 93 1389.021238138568
13 94 864.4871311939814
13 95 2934.246240519019
13 96 1480.04763436857
13 97 1110.304462748844
13 98 1331.788646895595
13 99 1846.732249136295
13 100 2378.28782951097
14 1 2002.764339606635
14 2 2058.96600263336
14 3 1085.259876711564
14 4 1343.857879390525
14 5 1348.248122564982
14 6 947.7763449253205
14 7 1305.117619220582
14 8 1563.955562028538
14 9 1225.980423987267
14 10 1233.094481376022
14 11 2127.119413667225
14 12 1083.413586770999
14 13 1900.293135282028
14 15 1120.703796727753
14 16 802.5085669324658
14 17 2346.534679053348
14 18 736.1555542139175
14 19 1869.626968140971
14 20 953.1558109774078
14 21 1241.619104234467
14 22 2350.119358670959
14 23 1837.105603932447
14 24 1684.206638153407
14 25 917.8932399794652
14 26 1528.934269352349
14 27 1711.430395896953
14 28 1248.712136563107
14 29 2167.461649026344
14 30 2166.298686700428
14 31 440.9410391424232
14 32 2494.158976488869
14 33 96.77293009927931
14 34 1756.33168849167
14 35 2010.218893553635
14 36 1759.130751251879
14 37 1863.465856945063
14 38 1718.235432063953
14 39 1283.477307941204
14 40 970.3221114660843
14 41 1518.683969758027
14 42 2007.253098141836
14 43 1145.862120850497
14 44 1402.370849668518
14 45 242.7694379447298
14 46 1278.504204138571
14 47 1068.421265232025
14 48 2081.67624764275
14 49 2597.081631370104
14 50 2003.486211582201
14 51 1962.210997828725
14 52 1509.335284156572
14 53 1394.770590455649
14 54 1040.869828556866
14 55 1430.151390587724
14 56 1476.99424508019
14 57 643.2705496134578
14 58 2184.477054125311
14 59 875.0154284354077
14 60 1516.356158690959
14 61 1229.244483412474
14 62 1737.861329335572
14 63 929.8908538102738
14 64 894.0894809805112
14 65 205.0609665440988
14 66 1638.87278334836
14 67 1635.271842844485
14 68 21.02379604162864
14 69 947.2533979880991
14 70 2468.339725402482
14 71 1371.453608402413
14 72 782.8422574184406
14 73 1376.40001453066
14 74 1398.233528420771
14 75 1612.356350190615
14 76 749.208916124201
14 77 1017.177467308434
14 78 405.2085882604168
14 79 1866.592617578887
14 80 615.3283676217114
14 81 1713.27814437703
14 82 564.7344508704954
14 83 1000.918078565873
14 84 1394.819343140896
14 85 727.7156037903818
14 86 435.6799283878017
14 87 1538.648757839163
14 88 1764.818970886249
14 89 2263.832370119307
14 90 2316.518292610702
14 91 1054.738830232395
14 92 1769.60588832655
14 93 1518.133722700342
14 94 2357.219548535944
14 95 1554.65398079444
14 96 487.9969262198277
14 97 2655.976280014564
14 98 2644.621901142014
14 99 392.7874743420416
14 100 2058.249013117703
15 1 1022.782479318061
15 2 1921.131437460748
15 3 1096.864622458032
15 4 775.6526284362092
15 5 1286.22393073679
15 6 1101.641048617924
15 7 1382.927691529821
15 8 949.8684119392539
15 9 1571.137486027241
15 10 1714.430809335857
15 11 1386.172427946826
15 12 1974.071933846383
15 13 816.8702467344492
15 14 1120.703796727753
15 16 413.8272586478566
15 17 1550.907476286061
15 18 1081.558135284461
15 19 1737.649561908269
15 20 1416.779799404269
15 21 1917.249331725011
15 22 1923.468221728657
15 23 1313.868334347091
15 24 632.3962365479415
15 25 1392.385363324392
15 26 1864.108634173449
15 27 678.8497624658935
15 28 2088.403457189247
15 29 2078.264901305894
15 30 1919.315763494897
15 31 1139.126858607065
15 32 1577.213365401143
15 33 1199.320641029746
15 34 928.6420192948411
15 35 1660.710992316243
15 36 1779.016582272352
15 37 1662.762159781128
15 38 996.8038924482588
15 39 337.2906758272455
15 40 1079.787016036033
15 41 414.7722266497602
15 42 1526.351204670799
15 43 549.7390289946676
15 44 917.5930470529951
15 45 1240.025806183081
15 46 786.4972981517483
15 47 1845.975351948124
15 48 2046.939422650314
15 49 1874.337216191366
15 50 1059.834892801704
15 51 1751.406577582715
15 52 864.0787001193814
15 53 1150.486853466827
15 54 301.0066444449358
15 55 1690.370373616386
15 56 2133.764045062152
15 57 1291.393820644965
15 58 1968.824268440432
15 59 929.6069061705598
15 60 1110.324727275764
15 61 1121.344282546623
15 62 1487.779889634216
15 63 275.506805723561
15 64 693.9027309356838
15 65 933.1971924518418
15 66 972.2473964994712
15 67 1692.24850420971
15 68 1134.693350645892
15 69 334.5922892118107
15 70 1801.002498610149
15 71 626.3194073314351
15 72 1287.147621681367
15 73 322.5678223257863
15 74 1253.993620398445
15 75 1701.296564388467
15 76 920.5416883552857
15 77 463.1554814530429
15 78 1042.729591025401
15 79 769.7564549907977
15 80 897.313768979391
15 81 879.1888306842848
15 82 1312.217207629895
15 83 1098.364238310771
15 84 317.0646621747684
15 85 895.3351327854839
15 86 703.8636231543721
15 87 1868.006691636837
15 88 688.8693635225768
15 89 1575.00793648794
15 90 1542.538168085315
15 91 301.4249491996308
15 92 1828.538760868908
15 93 912.5398621430189
15 94 1488.806569034406
15 95 2156.870417989917
15 96 669.3549133307382
15 97 1782.750964100146
15 98 1893.63829703563
15 99 1160.298668447051
15 100 1865.572834279059
16 1 1432.644059073991
16 2 1673.66812719846
16 3 748.1824643761707
16 4 642.6523165756115
16 5 978.358318817804
16 6 719.813864828957
16 7 1472.176619838802
16 8 1257.192507136437
16 9 1185.974704620634
16 10 1315.578199880189
16 11 1751.179316917602
16 12 1563.566755850226
16 13 1226.85043913266
16 14 802.5085669324658
16 15 413.8272586478566
16 17 1932.523997263682
16 18 672.1733407388306
16 19 1480.751498395325
16 20 1011.352559694195
16 21 1505.869184225509
16 22 2212.091544217825
16 23 1611.624335879798
16 24 1046.168246507224
16 25 985.3019841652609
16 26 1490.778320207267
16 27 1091.777449849556
16 28 1675.067162832583
16 29 2263.171668256741
16 30 1711.257432416292
16 31 962.5284411382346
16 32 1982.466393157776
16 33 893.4993005033635
16 34 1303.699735368539
16 35 1483.673818600301
16 36 1914.818268139303
16 37 1426.823394818013
16 38 1342.959790909616
16 39 482.1306876771069
16 40 704.8694914663281
16 41 823.0461712443598
16 42 1819.429855751521
16 43 397.6581446418519
16 44 752.4945182524588
16 45 976.9692932738469
16 46 1029.806292464753
16 47 1432.192724461341
16 48 1770.248570116638
16 49 2243.628534316677
16 50 1464.64091162305
16 51 1523.229464000746
16 52 1176.020833148801
16 53 895.9135002889509
16 54 238.549785160247
16 55 1325.060375982921
16 56 1725.27678938772
16 57 1158.283644018165
16 58 2192.091238977064
16 59 547.6130020370225
16 60 924.1753080449618
16 61 1253.836512468831
16 62 1261.336592666684
16 63 146.9863939281456
16 64 338.8923132796021
16 65 652.4185772952821
16 66 1299.207450717552
16 67 1810.516500891389
16 68 820.2889734721539
16 69 501.9691225563581
16 70 2155.307170683566
16 71 601.8180788244899
16 72 1206.436902618616
16 73 587.8885948885214
16 74 1414.189874097534
16 75 1808.687092893627
16 76 899.4676203177077
16 77 251.956345425155
16 78 863.8807788115209
16 79 1175.743169233825
16 80 818.4234845115333
16 81 1254.187386318328
16 82 902.9977851578597
16 83 728.1545165691139
16 84 730.8194031359594
16 85 488.9683016310976
16 86 367.9198282234868
16 87 1495.835552458892
16 88 1101.240209945133
16 89 1930.51107222932
16 90 1918.969775686944
16 91 252.3529274646918
16 92 1516.604430957526
16 93 817.9058625538761
16 94 1884.982758541839
16 95 1753.071875309167
16 96 314.6823795511913
16 97 2182.477949487692
16 98 2269.772014983002
16 99 963.3202997964903
16 100 1635.375492050679
17 1 635.6492743644093
17 2 3405.50730435276
17 3 2647.731481853853
17 4 2254.576900440524
17 5 2826.885565423546
17 6 2647.082356104547
17 7 1479.882765627061
17 8 788.684981472324
17 9 3116.13045298171
17 10 3247.328902344202
17 11 231.4908205523493
17 12 3390.334791727802
17 13 1000.348439295029
17 14 2346.534679053348
17 15 1550.907476286061
17 16 1932.523997263682
17 18 2597.739401864629
17 19 3236.225579282137
17 20 2939.560001088598
17 21 3415.910566744978
17 22 822.0024330864234
17 23 648.0154319150123
17 24 1009.013875028485
17 25 2911.60041901357
17 26 3413.939220314269
17 27 947.187943335429
17 28 3533.222466814112
17 29 1415.275591536857
17 30 3362.710959925043
17 31 2071.322282987368
17 32 339.7057550292606
17 33 2379.554580168314
17 34 629.0262315674919
17 35 3083.693402399143
17 36 1460.745699976557
17 37 3145.864587041216
17 38 628.7161521704369
17 39 1772.002539501566
17 40 2627.59395645522
17 41 1255.009960119839
17 42 656.2270948383647
17 43 2074.590321003162
17 44 2398.14198912408
17 45 2317.157310153974
17 46 1073.20268355982
17 47 3308.543637312345
17 48 3554.296695550331
17 49 344.6534491340541
17 50 553.4835137562816
17 51 3223.5025981066
17 52 837.330281310786
17 53 2669.526175185402
17 54 1848.741463807203
17 55 3241.14825332011
17 56 3643.940312354197
17 57 2055.558318316462
17 58 1177.974957288991
17 59 2474.134394086142
17 60 2586.071344723498
17 61 1302.138625492693
17 62 2970.585969131343
17 63 1816.035792598813
17 64 2242.955416409341
17 65 2146.714932169616
17 66 708.994358228611
17 67 1489.19877786681
17 68 2349.279251174709
17 69 1475.835356670926
17 70 358.4243295313531
17 71 2061.675532182501
17 72 1925.694939495869
17 73 1639.495044213309
17 74 1218.964314489969
17 75 1533.817459804132
17 76 1666.558429818769
17 77 2011.224751239901
17 78 2025.317999722513
17 79 1073.594429940841
17 80 1775.894704085802
17 81 678.4283307763613
17 82 2748.586545844973
17 83 2647.432340967376
17 84 1267.616661297886
17 85 2419.72250475132
17 86 2076.301037903705
17 87 3418.073287687085
17 88 1029.847076026339
17 89 243.6472860509634
17 90 55.00909015790027
17 91 1847.029236368499
17 92 3363.807366660582
17 93 2337.72389302073
17 94 185.3995685000372
17 95 3680.200538014199
17 96 2074.793965674664
17 97 347.2477501726973
17 98 346.0
17 99 2125.955079487805
17 100 3334.984257833911
18 1 2103.715760268007
18 2 1322.882458875315
18 3 370.7937432050331
18 4 822.8687623187552
18 5 619.8870864923708
18 6 219.1460700081113
18 7 1908.58193431668
18 8 1889.216239608373
18 9 559.0536646870316
18 10 653.6520481112256
18 11 2408.761092346022
18 12 952.4914697780763
18 13 1879.849196079303
18 14 736.1555542139175
18 15 1081.558135284461
18 16 672.1733407388306
18 17 2597.739401864629
18 19 1134.238951896821
18 20 341.9897659287482
18 21 836.1393424543543
18 22 2809.078496589229
18 23 2227.85502221307
18 24 1712.177852911315
18 25 314.0143308831621
18 26 877.2416998752396
18 27 1760.198000226111
18 28 1034.760358730465
18 29 2758.602001014282
18 30 1435.13936605474
18 31 1136.331817736351
18 32 2654.634061410348
18 33 820.9811203675758
18 34 1968.918484854058
18 35 1298.878362280318
18 36 2371.525247599106
18 37 1133.244016088327
