1 2 3475.353938809686
1 3 793.3630946798571
1 4 3349.3775541136
1 5 1684.902667812001
1 6 2939.931461786142
1 7 146.7310464761974
1 8 1303.905671434863
1 9 2084.011756204844
1 10 1489.227987918573
1 11 3496.432467530297
1 12 365.3669388436781
1 13 2474.727055656846
1 14 869.5084818447718
1 15 1050.453711498036
1 16 671.3046998196869
1 17 854.4196861027957
1 18 3242.253691493002
1 19 2851.40404011778
1 20 1064.592410267892
1 21 120.6192356135621
1 22 2309.491935469791
1 23 909.6208001139815
1 24 3384.896010219516
1 25 999.2021817430144
1 26 909.3756099654312
1 27 2882.43733669962
1 28 1052.397738500041
1 29 3519.952556498454
1 30 2059.439972419687
1 31 1808.87257704903
1 32 455.0890022841686
1 33 1975.656093554746
1 34 3095.957687049356
1 35 535.306454285767
1 36 826.4635503154389
1 37 3193.002348887329
1 38 1898.884146018393
1 39 2478.342994825373
1 40 681.6223294464464
1 41 2706.14947850262
1 42 1752.103022085174
1 43 2701.229719960892
1 44 983.7337038040325
1 45 931.1245888708986
1 46 832.3322653844436
1 47 447.1822894525229
1 48 1766.586822095082
1 49 956.7371634884892
1 50 1350.431412549338
1 51 379.7472843879203
1 52 866.8333173107734
1 53 3285.987218477881
1 54 1027.740239554723
1 55 2714.479692316743
1 56 949.8736758116839
1 57 1604.680965176567
1 58 560.5086975239545
1 59 711.5124735378854
1 60 1606.111453168802
1 61 887.3353368372073
1 62 748.1082809326468
1 63 488.8486473337121
1 64 753.2994092656651
1 65 1397.376112576711
1 66 2084.476433064188
1 67 3030.164516985835
1 68 1830.000273224023
1 69 332.0316249997882
1 70 3091.637753683313
1 71 911.3577782627414
1 72 1263.104904590272
1 73 620.2983153290036
1 74 74.02702209328699
1 75 2620.153048964888
1 76 296.951174437819
1 77 3401.013084361776
1 78 3390.829544521517
1 79 872.2138499244322
1 80 1513.24816206728
1 81 1040.550335159237
1 82 3004.243665217587
1 83 186.9358178627092
1 84 828.0658186400402
1 85 3341.344789153014
1 86 2688.902564244379
1 87 2699.712577294109
1 88 491.6299421312742
1 89 1038.315944209661
1 90 1832.255986482238
1 91 2609.512789775134
1 92 2873.482382058397
1 93 2392.371626650007
1 94 2958.460748429832
1 95 727.7719423006083
1 96 3385.965888782697
1 97 1292.07004454093
1 98 553.2314163168971
1 99 912.7962532789012
1 100 3496.164326801588
2 1 3475.353938809686
2 3 4126.811117557962
2 4 146.4547711752676
2 5 1984.748346768426
2 6 838.1467651909181
2 7 3400.537751591651
2 8 2306.985262198265
2 9 1424.598188964173
2 10 2055.564399380375
2 11 84.07734534343957
2 12 3340.148799080664
2 13 1019.702407568012
2 14 3050.009836049714
2 15 3019.56453814122
2 16 3442.142501408098
2 17 2712.973645282976
2 18 1746.086481248853
2 19 1714.029171280349
2 20 2999.083193244229
2 21 3475.218842029952
2 22 1910.169102461874
2 23 3237.008032118549
2 24 1698.679487131107
2 25 2476.155083996154
2 26 3829.566163418514
2 27 658.6562077442222
2 28 3467.295487840631
2 29 1578.585759469532
2 30 1582.145378908019
2 31 1677.106138561302
2 32 3392.891539675266
2 33 2133.028363618262
2 34 907.8992234824303
2 35 2978.58087014605
2 36 3555.095076084464
2 37 729.2770392656004
2 38 2354.952653451869
2 39 1674.782672468282
2 40 2806.22308450344
2 41 835.374167663808
2 42 1939.819579239265
2 43 1703.634056950025
2 44 3030.815896751236
2 45 2557.193774433216
2 46 4122.520588183885
2 47 3723.729984840469
2 48 2035.067075061655
2 49 2825.011327410919
2 50 2355.644285540582
2 51 3786.940321684513
2 52 2984.552395251254
2 53 1044.806680683082
2 54 2454.115930431975
2 55 1123.600017799929
2 56 3015.373442875691
2 57 1875.617231739994
2 58 3281.354141204512
2 59 3612.614704061312
2 60 2077.857791091585
2 61 3309.687749622311
2 62 3010.164945646667
2 63 3168.065655885307
2 64 3268.232702853333
2 65 2116.587111365842
2 66 1451.782697238123
2 67 571.4630346750348
2 68 2447.917073758832
2 69 3807.185312012012
2 70 599.0500813788443
2 71 3341.187812739655
2 72 2885.882360734754
2 73 3417.780712684768
2 74 3461.390616500831
2 75 869.2140127724587
2 76 3367.982333682883
2 77 666.1268647937868
2 78 1041.012007615666
2 79 3727.105579400723
2 80 1980.627425842629
2 81 3426.398984356609
2 82 480.4591553920063
2 83 3435.942956453148
2 84 2756.290260476933
2 85 549.561643494158
2 86 1824.719156473127
2 87 936.2846789305056
2 88 3015.3508916874
2 89 3345.929616713418
2 90 1907.984538721423
2 91 1285.946344137266
2 92 601.878725325958
2 93 1317.771224454382
2 94 1712.391602408748
2 95 3460.50299812036
2 96 465.2418725781247
2 97 2188.859063530587
2 98 3719.75617480501
2 99 2585.043133102425
2 100 1465.630922162875
3 1 793.3630946798571
3 2 4126.811117557962
3 4 3992.603787004165
3 5 2203.354714974418
3 6 3503.425752031859
3 7 932.6548128863111
3 8 1838.685671886307
3 9 2789.474860972939
3 10 2233.554342298391
3 11 4137.891371217954
3 12 1130.976569164897
3 13 3108.386880682648
3 14 1149.960868899459
3 15 1822.039516585741
3 16 740.0168916991017
3 17 1633.862907345656
3 18 3612.202098443552
3 19 3236.178301639142
3 20 1838.260590884764
3 21 874.9537130614397
3 22 2693.571606621959
3 23 1648.819274511309
3 24 3766.258886481385
3 25 1693.697139396533
3 26 530.0650903426862
3 27 3572.916175898897
3 28 1722.984619780455
3 29 3927.900329692697
3 30 2610.106894362758
3 31 2451.800358919951
3 32 1187.283032810627
3 33 2345.231758270384
3 34 3630.833099992342
3 35 1312.561617601246
3 36 1465.713819270324
3 37 3752.861441620247
3 38 2202.67927760716
3 39 2905.303598593441
3 40 1429.809078163934
3 41 3403.342474685732
3 42 2263.63645491055
3 43 3097.918171934178
3 44 1219.867615768203
3 45 1665.418265781903
3 46 77.47257579298626
3 47 408.0649458113255
3 48 2229.893270988547
3 49 1749.617386744885
3 50 2134.200084340735
3 51 785.870854530183
3 52 1197.699878934618
3 53 3788.527022471927
3 54 1747.54828259479
3 55 3246.361809780296
3 56 1727.34623049347
3 57 2299.623012582715
3 58 1317.658908822765
3 59 1322.847307893092
3 60 2378.211302639023
3 61 963.2284256602895
3 62 1537.563332028961
3 63 1278.08372182733
3 64 1495.414658213567
3 65 2010.225111772311
3 66 2686.990323763746
3 67 3726.485207269714
3 68 2111.335122617913
3 69 582.0738784724839
3 70 3683.635296822963
3 71 953.5711824504765
3 72 1481.347022138972
3 73 743.7506302518339
3 74 851.2843238307634
3 75 3298.859954590373
3 76 1064.492836988582
3 77 3963.130706903319
3 78 3892.867837468927
3 79 596.3908114650997
3 80 2228.000224416506
3 81 980.4896735815222
3 82 3671.065921500185
3 83 735.1530452905707
3 84 1612.20904351762
3 85 3922.539993422629
3 86 3056.998855086472
3 87 3417.676549938569
3 88 1268.008280730059
3 89 1036.400019297568
3 90 2327.371263894096
3 91 3117.985246918272
3 92 3530.345025631348
3 93 2935.901394801944
3 94 3339.189272862501
3 95 1408.39518601847
3 96 3978.165406314825
3 97 1998.862176339329
3 98 1086.351692593149
3 99 1657.8063819397
3 100 3924.489775754295
4 1 3349.3775541136
4 2 146.4547711752676
4 3 3992.603787004165
4 5 1842.244554884069
4 6 697.4818994067158
4 7 3277.462433041758
4 8 2168.432613663611
4 9 1315.074522603187
4 10 1945.113364305536
4 11 147.1393896956216
4 12 3222.430914697784
4 13 884.2171678948561
4 14 2910.010481080781
4 15 2921.341643834216
4 16 3303.94007209574
4 17 2597.900883405678
4 18 1632.514931019009
4 19 1582.101450602963
4 20 2901.182689869771
4 21 3351.960769460168
4 22 1765.431675256791
4 23 3135.311786728714
4 24 1594.113233117397
4 25 2350.452084174447
4 26 3689.650660970493
4 27 583.2709490451243
4 28 3370.0428780655
4 29 1485.592137835954
4 30 1438.207564991924
4 31 1546.079558108185
4 32 3277.938986619489
4 33 1986.590294952636
4 34 781.9565205303937
4 35 2857.737041786735
4 36 3450.301436106706
4 37 609.2437935670745
4 38 2208.523715063979
4 39 1531.431356607275
4 40 2683.752037726287
4 41 749.9953333188147
4 42 1796.454563856264
4 43 1566.342235911424
4 44 2889.260459010229
4 45 2435.700515252234
4 46 3987.22020961973
4 47 3590.557895369465
4 48 1890.096558380021
4 49 2719.556581503683
4 50 2254.850992859617
4 51 3665.663650691372
4 52 2845.060632042839
4 53 939.0047923200392
4 54 2331.647486220848
4 55 979.7397613652311
4 56 2913.267924513638
4 57 1754.407307326323
4 58 3168.834486053192
4 59 3504.00913240819
4 60 1980.838206416667
4 61 3168.641664814751
4 62 2900.248954831292
4 63 3051.756379529664
4 64 3161.588524776746
4 65 1982.758179909996
4 66 1312.640087762064
4 67 528.6217929673351
4 68 2301.462361195594
4 69 3681.377595411805
4 70 460.2455866165367
4 71 3199.838902194922
4 72 2741.644032328048
4 73 3280.324374204478
4 74 3337.040904753791
4 75 760.9494069910298
4 76 3248.61601301231
4 77 578.58102284814
4 78 946.512017884612
4 79 3587.088652375349
4 80 1862.864997792379
4 81 3283.696240519211
4 82 381.2741795611132
4 83 3306.134449776657
4 84 2641.849541514429
4 85 450.2499305941091
4 86 1687.66139968893
4 87 871.1521107131636
4 88 2893.788174694202
4 89 3203.199962537462
4 90 1763.398990586078
4 91 1141.616835895477
4 92 481.1330377348868
4 93 1171.426480834371
4 94 1584.881068093124
4 95 3353.250661671447
4 96 376.4159932840261
4 97 2066.887756991172
4 98 3605.40774393133
4 99 2464.826363052781
4 100 1373.217025819298
5 1 1684.902667812001
5 2 1984.748346768426
5 3 2203.354714974418
5 4 1842.244554884069
5 6 1300.739789504419
5 7 1662.3480381677
5 8 381.4302033137911
5 9 958.8628681933616
5 10 940.4536139544576
5 11 1981.61171776915
5 12 1697.963486062053
5 13 984.5328841638557
5 14 1077.839505677909
5 15 1766.354437818186
5 16 1483.494860119171
5 17 1221.651341422748
5 18 1604.618334682737
5 19 1216.056742097177
5 20 1755.7773207329
5 21 1728.575135769342
5 22 722.9744117186998
5 23 1883.923830732018
5 24 1734.3431033103
5 25 823.7293244749758
5 26 1854.91374462534
5 27 1544.725865647365
5 28 2153.44375361884
5 29 1850.893027703114
5 30 411.2055447096987
5 31 503.7747512529781
5 32 1792.340648425963
5 33 511.941402896855
5 34 1430.767975599119
5 35 1324.69241712935
5 36 2106.234792229964
5 37 1549.534446212797
5 38 640.4498419080139
5 39 822.9003584881951
5 40 1148.568674481417
5 41 1414.00141442645
5 42 68.30812543175226
5 43 1062.105926920663
5 44 1048.47937509519
5 45 974.9964102498019
5 46 2187.20140819267
5 47 1819.161620087671
5 48 181.6039647144302
5 49 1488.012432743759
5 50 1260.908402700212
5 51 2052.263384656073
5 52 1017.611418961088
5 53 1605.498364994496
5 54 881.5310544728416
5 55 1045.792044337688
5 56 1695.730226185757
5 57 679.7425983414604
5 58 1735.681134310101
5 59 2094.921716914501
5 60 1195.844889607344
5 61 1329.400240710073
5 62 1552.605874006665
5 63 1570.648910482543
5 64 1825.762580403049
5 65 391.0358039873075
5 66 548.7740883095703
5 67 1702.863470745673
5 68 677.8347881305591
5 69 2002.85246585963
5 70 1489.811061846434
5 71 1359.412373049473
5 72 910.4861338867275
5 73 1467.100882693484
5 74 1697.948468004845
5 75 1263.753536097921
5 76 1694.919762112649
5 77 1759.793453789393
5 78 1710.515711708022
5 79 1752.041666171213
5 80 768.760690982571
5 81 1441.661541416709
5 82 1575.344089397615
5 83 1587.756278526399
5 84 1266.870948439501
5 85 1722.366975995534
5 86 1081.810519453384
5 87 1505.053155207483
5 88 1342.947876873857
5 89 1361.204246246683
5 90 157.0636813525011
5 91 928.1745525492497
5 92 1422.090011215887
5 93 732.5469268244868
5 94 1322.000378214772
5 95 1982.0759319461
5 96 1781.89674223845
5 97 741.464766526367
5 98 2099.124579437819
5 99 1022.319910791138
5 100 1818.713831255484
6 1 2939.931461786142
6 2 838.1467651909181
6 3 3503.425752031859
6 4 697.4818994067158
6 5 1300.739789504419
6 7 2892.730371119991
6 8 1667.918763009758
6 9 1157.045375082585
6 10 1709.318285165171
6 11 798.2361805881766
6 12 2880.036805320377
6 13 590.8104603000864
6 14 2374.833467845693
6 15 2721.914767218107
6 16 2783.206244603515
6 17 2293.438466582437
6 18 1027.176713131679
6 19 900.1877581927006
6 20 2704.487012355578
6 21 2964.326567704712
6 22 1080.907026529109
6 23 2906.935327797989
6 24 1035.985521134345
6 25 1970.641012462696
6 26 3146.179429085379
6 27 851.0757898095798
6 28 3164.281277004306
6 29 997.6276860632928
6 30 893.846743015826
6 31 1168.246977312589
6 32 2954.667663206812
6 33 1334.541119636259
6 34 217.1105709080053
6 35 2500.608325987898
6 36 3193.726506762907
6 37 253.0711362443374
6 38 1553.201854235308
6 39 839.6100285251481
6 40 2318.879470778937
6 41 897.3672603789377
6 42 1242.549797794841
6 43 871.2364776568988
6 44 2335.342587287784
6 45 2087.632630517161
6 46 3487.926891435656
6 47 3115.385208926819
6 48 1301.519112422096
6 49 2479.170224087084
6 50 2066.847357692387
6 51 3287.92533370209
6 52 2316.856706833636
6 53 471.6661955239107
6 54 1979.973989728148
6 55 296.0219586449627
6 56 2688.770908798293
6 57 1448.906484214906
6 58 2865.641463965791
6 59 3220.574017159053
6 60 1835.232137905175
6 61 2617.425643643005
6 62 2622.906975094618
6 63 2723.969529932374
6 64 2899.472538238636
6 65 1543.046661640535
6 66 863.4402121745316
6 67 933.4345183246653
6 68 1650.725900929649
6 69 3267.873008548527
6 70 239.827020996384
6 71 2644.551001587982
6 72 2150.912597015509
6 73 2767.727045790462
6 74 2941.0
6 75 771.368264838527
6 76 2893.224671538662
6 77 462.0054112237215
6 78 552.8001447177813
6 79 3043.431287215139
6 80 1577.044387453949
6 81 2710.089297421766
6 82 688.7909697433613
6 83 2865.153748056114
6 84 2340.472174583582
6 85 426.0046948098108
6 86 992.6983429018102
6 87 1073.348498857664
6 88 2529.994664025994
6 89 2630.01463874253
6 90 1187.486842032366
6 91 458.7635556580317
6 92 592.7697698094936
6 93 569.4989025450357
6 94 918.6800313493268
6 95 3082.315525704661
6 96 496.1451400548029
6 97 1732.774076445051
6 98 3279.854874838215
6 99 2125.849006867609
6 100 900.9084304189855
7 1 146.7310464761974
7 2 3400.537751591651
7 3 932.6548128863111
7 4 3277.462433041758
7 5 1662.3480381677
7 6 2892.730371119991
7 8 1284.998054473235
7 9 1996.560292102395
7 10 1389.207687856643
7 11 3424.600706651799
7 12 220.5379785887229
7 13 2409.637317108116
7 14 935.6243904473632
7 15 903.8390343418456
7 16 789.2401408950257
7 17 738.7563874512355
7 18 3240.891389725981
7 19 2849.225333314303
7 20 918.1007569978362
7 21 75.0
7 22 2312.293450235069
7 23 765.1013004824916
7 24 3380.21730070716
7 25 930.7980446906837
7 26 1051.483713616145
7 27 2796.806214237948
7 28 918.6103635383176
7 29 3508.600860742071
7 30 2022.566933379462
7 31 1746.226216731383
7 32 318.2766092567909
7 33 1986.058659758065
7 34 3055.643958317134
7 35 429.5544203008508
7 36 703.957385073841
7 37 3145.553369440741
7 38 1925.078959419587
7 39 2469.384133746712
7 40 594.5056770124235
7 41 2618.799152283351
7 42 1730.345919173389
7 43 2697.469184254011
7 44 1051.833637035819
7 45 844.5383354235614
7 46 974.6902071940602
7 47 593.8972975186872
7 48 1757.503058318818
7 49 817.7358986861223
7 50 1227.211880646533
7 51 395.2138661535043
7 52 922.0683271862232
7 53 3253.070242094382
7 54 946.4565494516903
7 55 2677.172015392362
7 56 803.6479328661277
7 57 1525.251782493631
7 58 415.2782199923324
7 59 601.0657202003788
7 60 1490.151670132943
7 61 988.494815363237
7 62 605.1941837129633
7 63 345.5792239125495
7 64 609.1518694053233
7 65 1351.195766719242
7 66 2032.035432761939
7 67 2942.034840038438
7 68 1862.13452790071
7 69 424.1851011056376
7 70 3035.742083906339
7 71 1015.933560819801
7 72 1322.326737232519
7 73 735.7064632039059
7 74 81.40024569987489
7 75 2539.588155587437
7 76 153.1600470096559
7 77 3352.072194926595
7 78 3357.553424742487
7 79 1010.000495049384
7 80 1426.62468785592
7 81 1152.168824435031
7 82 2926.091249431569
7 83 308.2288111127835
7 84 708.1532320056161
7 85 3287.431368104892
7 86 2691.73717141923
7 87 2604.757570293251
7 88 388.9601522007106
7 89 1142.63292443374
7 90 1813.710009896841
7 91 2579.114770614135
7 92 2799.040014004802
7 93 2354.301594953374
7 94 2956.447868642368
7 95 597.3826244543776
7 96 3328.816155932916
7 97 1211.818880856376
7 98 481.58592172114
7 99 820.4833941037442
7 100 3480.224849057888
8 1 1303.905671434863
8 2 2306.985262198265
8 3 1838.685671886307
8 4 2168.432613663611
8 5 381.4302033137911
8 6 1667.918763009758
8 7 1284.998054473235
8 9 1107.848816400505
8 10 846.0933754615976
8 11 2311.616317644431
8 12 1332.743411163604
8 13 1288.870823628187
8 14 746.9062859556077
8 15 1483.222505223003
8 16 1135.55272885058
8 17 917.7673997260962
8 18 1963.77009856042
8 19 1572.394670558254
8 20 1475.870251749794
8 21 1349.984073980134
8 22 1049.131545612846
8 23 1570.350279396288
8 24 2099.272493031812
8 25 515.097078228949
8 26 1524.436289255802
8 27 1808.000276548652
8 28 1837.207935972409
8 29 2223.867801826359
8 30 774.2899973524131
8 31 675.1725705328971
8 32 1431.98044679388
8 33 757.9795511753599
8 34 1807.111507350888
8 35 968.1038167469437
8 36 1765.124358225221
8 37 1919.106562961005
8 38 784.9490429320874
8 39 1186.670131081085
8 40 800.1706068083231
8 41 1656.960168501343
8 42 448.2644308887333
8 43 1419.230777569314
8 44 744.8342097406644
8 45 670.3200728010463
8 46 1827.043787105279
8 47 1447.54205465679
8 48 479.0334017581655
8 49 1204.435137315414
8 50 1085.355702062692
8 51 1672.885531051064
8 52 679.1244363148775
8 53 1986.341863829084
8 54 598.2641557038162
8 55 1422.578644574703
8 56 1400.646279401049
8 57 681.1438908189664
8 58 1386.905908848902
8 59 1741.95866770713
8 60 1108.218390029691
8 61 1013.32028500371
8 62 1231.798684850735
8 63 1216.926045411142
8 64 1495.077924390565
8 65 266.5520587052368
8 66 855.8621384311845
8 67 1966.619688704453
8 68 771.1763741194358
8 69 1621.446576363218
8 70 1844.972086509712
8 71 1047.758082765292
8 72 695.8850479784718
8 73 1113.073223107986
8 74 1318.293594007041
8 75 1524.860649370951
8 76 1325.063772050236
8 77 2129.240240085651
8 78 2091.345260830932
8 79 1422.45175665117
8 80 707.611475316787
8 81 1152.505531440088
8 82 1871.162740116423
8 83 1207.106043394697
8 84 958.9770591625224
8 85 2084.544314712451
8 86 1424.12534560691
8 87 1717.023587490865
8 88 981.6567628249703
8 89 1074.341658877659
8 90 529.1389231572366
8 91 1308.99388845021
8 92 1722.774796657996
8 93 1104.71896878799
8 94 1679.420138023836
8 95 1638.863630690485
8 96 2139.48615326204
8 97 568.8629008821018
8 98 1730.700725139965
8 99 718.167807688426
8 100 2195.460088455265
9 1 2084.011756204844
9 2 1424.598188964173
9 3 2789.474860972939
9 4 1315.074522603187
9 5 958.8628681933616
9 6 1157.045375082585
9 7 1996.560292102395
9 8 1107.848816400505
9 10 630.9714732061981
9 11 1460.04143776812
9 12 1921.146012150039
9 13 566.2552428013361
9 14 1824.554740203757
9 15 1616.32484358807
9 16 2168.558276828179
9 17 1290.910531369235
9 18 1994.26427536573
9 19 1687.004445755849
9 20 1596.923291833393
9 21 2071.560281526946
9 22 1428.135147666354
9 23 1823.998081139342
9 24 2065.255432143927
9 25 1097.622886058778
9 26 2575.309884266358
9 27 800.4323831530056
9 28 2065.389551634267
9 29 2091.001912959431
9 30 779.6871167333727
9 31 458.1539042723526
9 32 1969.921064408419
9 33 1397.738888347892
9 34 1370.487869337047
9 35 1568.907900419907
9 36 2135.93843544237
9 37 1374.289998508321
9 38 1576.124995043223
9 39 1350.755714405828
9 40 1404.108257934551
9 41 622.3905526275282
9 42 961.4260241953095
9 43 1561.808246872836
9 44 1842.652707375972
9 45 1153.609986087152
9 46 2796.735239524829
9 47 2381.413235874866
9 48 1113.395706835625
9 49 1405.166538172611
9 50 948.1033698917012
9 51 2375.36712951914
9 52 1751.935215697202
9 53 1621.589652162347
9 54 1056.648001938205
9 55 1104.750198008581
9 56 1601.80928952232
9 57 490.1958792156458
9 58 1856.907375180572
9 59 2189.110549972294
9 60 689.7717013621246
9 61 2095.443867060151
9 62 1585.852767440912
9 63 1746.990555212019
9 64 1846.598223761736
9 65 851.9677223932841
9 66 557.9793903003945
9 67 946.1891988392174
9 68 1628.432989103328
9 69 2412.819926973416
9 70 1195.615740946898
9 71 2132.725955203809
9 72 1796.697247729845
9 73 2133.270962629923
9 74 2062.349388440281
9 75 555.518676553723
9 76 1952.466388955262
9 77 1547.780669216411
9 78 1708.775585031575
9 79 2477.367150827668
9 80 570.8108268069203
9 81 2249.944443758557
9 82 944.2399059561081
9 83 2069.032624199048
9 84 1333.401664915715
9 85 1444.535219369884
9 86 1647.283824967634
9 87 630.6956476780223
9 88 1607.958021840122
9 89 2173.877871454604
9 90 1000.084496430177
9 91 1126.93655544578
9 92 836.3217084352169
9 93 887.4756334683224
9 94 1766.755500911204
9 95 2038.178843968311
9 96 1457.151330507576
9 97 794.6672259505862
9 98 2296.108446916217
9 99 1176.085030939515
9 100 2011.930913326797
10 1 1489.227987918573
10 2 2055.564399380375
10 3 2233.554342298391
10 4 1945.113364305536
10 5 940.4536139544576
10 6 1709.318285165171
10 7 1389.207687856643
10 8 846.0933754615976
10 9 630.9714732061981
10 11 2090.506158804609
10 12 1297.126439480747
10 13 1140.688388649591
10 14 1409.831550221515
10 15 1012.87758391624
10 16 1685.909250226714
10 17 665.0751837198559
10 18 2386.580189308543
10 19 2027.764532681248
10 20 995.2532341067774
10 21 1463.836397962559
10 22 1622.542757525977
10 23 1206.115251541079
10 24 2486.725758904669
10 25 567.733211993098
10 26 2092.930003607383
10 27 1424.196966714927
10 28 1457.590134434231
10 29 2551.837377263685
10 30 1034.551593686849
10 31 597.2101807571603
10 32 1341.071959292267
10 33 1452.373574532393
10 34 1909.775379462203
10 35 959.7692430996109
10 36 1510.171513438126
10 37 1947.020287516286
10 38 1560.334899949367
10 39 1641.760031186044
10 40 809.9660486711773
10 41 1243.344280559492
10 42 984.7867789526828
10 43 1881.533948670605
10 44 1461.397960858027
10 45 568.1381874157026
10 46 2250.20287974218
10 47 1828.836788781328
10 48 1121.617136103047
10 49 781.2157192478912
10 50 367.2669328975861
10 51 1757.618843777
10 52 1336.963724264798
10 53 2148.042830113031
10 54 492.3921201644072
10 55 1582.456318512457
10 56 985.0827376418694
10 57 294.8847232394381
10 58 1226.217762063493
10 59 1559.054200468989
10 60 263.8370709358334
10 61 1670.167656254904
10 62 955.1512969158342
10 63 1120.91079038432
10 64 1218.761666610827
10 65 603.1948275640301
10 66 903.4079919947576
10 67 1562.878434172025
10 68 1574.461495242103
10 69 1811.415192604942
10 70 1789.90279065652
10 71 1710.071635926402
10 72 1508.345451148377
10 73 1642.233235566739
10 74 1459.671195851997
10 75 1186.467867242935
10 76 1332.403842684342
10 77 2135.708313417354
10 78 2244.239069261561
10 79 2002.256976514253
10 80 174.928556845359
10 81 1846.923116970493
10 82 1575.177450321074
10 83 1499.913664182042
10 84 705.8222155755655
10 85 2043.88771707254
10 86 1935.822564182988
10 87 1216.845101070798
10 88 1001.361073739138
10 89 1779.533646773783
10 90 1064.816416101856
10 91 1550.174506305661
10 92 1465.049145933337
10 93 1292.013157827737
10 94 2124.149241461155
10 95 1409.364395747246
10 96 2065.842443169372
10 97 296.379823874703
10 98 1666.285989858884
10 99 578.5162054774265
10 100 2489.048211666459
11 1 3496.432467530297
11 2 84.07734534343957
11 3 4137.891371217954
11 4 147.1393896956216
11 5 1981.61171776915
11 6 798.2361805881766
11 7 3424.600706651799
11 8 2311.616317644431
11 9 1460.04143776812
11 10 2090.506158804609
11 12 3369.228546715108
11 13 1029.723263794695
11 14 3051.86189071524
11 15 3063.27879893424
11 16 3447.162601328809
11 17 2744.297542177233
11 18 1678.971411311104
11 19 1660.260521725431
11 20 3043.001971737777
11 21 3499.100027149838
11 22 1876.680313745524
11 23 3278.452378790944
11 24 1627.285162471532
11 25 2497.543793409837
11 26 3831.466037954663
11 27 712.6324438306187
11 28 3511.693181358531
11 29 1503.008316676924
11 30 1575.493890816464
11 31 1692.5873684983
11 32 3424.358918104234
11 33 2109.93862469978
11 34 851.1556849366631
11 35 3004.796332532373
11 36 3594.419285503571
11 37 669.4833829155134
11 38 2331.423813895706
11 39 1637.678845195235
11 40 2830.877072569559
11 41 885.0836118695228
11 42 1934.520353989588
11 43 1655.988526530302
11 44 3029.500949001337
11 45 2582.784737449097
11 46 4132.038842992645
11 47 3736.248921043672
11 48 2024.599960486021
11 49 2863.783860559312
11 50 2397.547288376185
11 51 3812.757532285524
11 52 2987.366733429292
11 53 975.2948272189287
11 54 2478.767839068435
11 55 1088.99954086308
11 56 3056.511082917908
11 57 1901.44813234545
11 58 3314.815530312358
11 59 3649.149215913211
11 60 2122.123936060286
11 61 3309.407802009296
11 62 3045.651654408297
11 63 3198.367865021158
11 64 3306.1960014494
11 65 2128.403157298917
11 66 1455.772647084702
11 67 637.840889250603
11 68 2425.742978965414
11 69 3828.438454513798
11 70 558.5123096226259
11 71 3340.261816085679
11 72 2877.624367425325
11 73 3424.041179658913
11 74 3484.168767439373
11 75 905.0933653496749
11 76 3395.578890263043
11 77 591.52852847517
11 78 966.9565657256793
11 79 3728.823541011293
11 80 2009.581050866075
11 81 3422.332684003704
11 82 520.807066004293
11 83 3452.712701630415
11 84 2788.144364985429
11 85 480.6922092150028
11 86 1776.598153775918
11 87 995.8393444727919
11 88 3040.884739676925
11 89 3341.810886330943
11 90 1899.006582400388
11 91 1252.193675115795
11 92 627.6854307692668
11 93 1299.849991345155
11 94 1654.623219950693
11 95 3498.036592147086
11 96 393.5848066173286
11 97 2213.983965614927
11 98 3751.744261007138
11 99 2611.83249845774
11 100 1390.008992776666
12 1 365.3669388436781
12 2 3340.148799080664
12 3 1130.976569164897
12 4 3222.430914697784
12 5 1697.963486062053
12 6 2880.036805320377
12 7 220.5379785887229
12 8 1332.743411163604
12 9 1921.146012150039
12 10 1297.126439480747
12 11 3369.228546715108
12 13 2370.288800969198
12 14 1097.41605601522
12 15 692.3698433640795
12 16 997.9343665792857
12 17 632.0569594585602
12 18 3296.316732354462
12 19 2905.080033320941
12 20 707.9562133352599
12 21 259.2373429890069
12 22 2378.292664917419
12 23 544.6145425895272
12 24 3430.354209116021
12 25 911.0576271564823
12 26 1271.961084310365
12 27 2719.756239077319
12 28 706.8238818828917
12 29 3548.541249584116
12 30 2032.104820131088
12 31 1717.055910563194
12 32 116.2110149684616
12 33 2065.209916691279
12 34 3053.147392446031
12 35 380.5916446797013
12 36 511.825165461801
12 37 3131.364718457433
12 38 2026.000987166591
12 39 2517.471946219064
12 40 562.7379496710703
12 41 2539.496012991554
12 42 1766.237243407578
12 43 2751.790871414469
12 44 1213.415427625675
12 45 795.2773101252167
12 46 1178.460860614386
12 47 811.3796891714754
12 48 1811.630205091536
12 49 641.8979669698292
12 50 1087.589076811642
12 51 468.697130351787
12 52 1072.850875005469
12 53 3261.319518231846
12 54 902.6034566740813
12 55 2681.2305010946
12 56 596.3698516860154
12 57 1469.944896926412
12 58 195.143536915779
12 59 435.0781538988139
12 60 1363.484139988434
12 61 1182.433507644299
12 62 419.5294983669206
12 63 178.8463027294666
12 64 388.6142045782681
12 65 1355.708301958795
12 66 2016.6519283208
12 67 2859.914684042166
12 68 1971.339646027543
12 69 580.0362057665021
12 70 3008.346555834284
12 71 1212.512267979174
12 72 1470.212569664673
12 73 943.1887403908086
12 74 293.7362762751649
12 75 2472.788911330686
12 76 68.6804193347711
12 77 3334.719928269839
12 78 3364.865524801846
12 79 1229.296546810411
12 80 1359.748873873408
12 81 1353.651358363741
12 82 2861.661230823802
12 83 525.1152254505672
12 84 592.4407143335103
12 85 3262.282023369531
12 86 2755.532979298197
12 87 2511.637911801779
12 88 356.1811336946414
12 89 1337.965993588776
12 90 1853.347511936172
12 91 2594.44406376395
12 92 2741.594426606532
12 93 2359.204315018095
12 94 3012.059926362688
12 95 394.4172917101886
12 96 3298.242562335281
12 97 1161.269133319232
12 98 403.1128874149275
12 99 761.111030008106
12 100 3513.4507254265
13 1 2474.727055656846
13 2 1019.702407568012
13 3 3108.386880682648
13 4 884.2171678948561
13 5 984.5328841638557
13 6 590.8104603000864
13 7 2409.637317108116
13 8 1288.870823628187
13 9 566.2552428013361
13 10 1140.688388649591
13 11 1029.723263794695
13 12 2370.288800969198
13 14 2034.09562213776
13 15 2151.620087283069
13 16 2423.139286132764
13 17 1759.632063813342
13 18 1489.236381505636
13 19 1233.309774549768
13 20 2133.362838337633
13 21 2483.496124418156
13 22 1134.003968247025
13 23 2346.33075247289
13 24 1540.49505030039
13 25 1479.035158473253
13 26 2812.980270105
13 27 585.7140940766237
13 28 2597.926288407737
13 29 1545.411272121438
13 30 609.1050812462494
13 31 666.0825774631851
13 32 2434.73941110748
13 33 1242.222604849871
13 34 804.9149023344021
13 35 1997.605816971907
13 36 2644.605830743024
13 37 812.5429219432042
13 38 1457.568180223484
13 39 973.5594486213978
13 40 1819.649691561538
13 41 504.060512240346
13 42 948.3000579985219
13 43 1135.050659662378
13 44 2020.069800774221
13 45 1576.06757469342
13 46 3103.231380351778
13 47 2706.525817353309
13 48 1065.187776873167
13 49 1919.980208231324
13 50 1489.126253881785
13 51 2801.558494838186
13 52 1967.563467845447
13 53 1057.208588690047
13 54 1469.667989717406
13 55 577.4790039473297
13 56 2125.672128998261
13 57 904.734767763459
13 58 2335.083724409041
13 59 2682.652418782575
13 60 1248.118584109699
13 61 2296.57353463807
13 62 2079.085375832363
13 63 2205.232187321779
13 64 2351.047851490905
13 65 1098.680117231581
13 66 438.2145593199751
13 67 737.5208471629802
13 68 1537.387719477426
13 69 2806.621634634779
13 70 649.5367580052725
13 71 2329.133959221753
13 72 1894.789698093168
13 73 2398.272711765699
13 74 2465.9817517573
13 75 334.7416914577567
13 76 2391.219354220771
13 77 995.6003214141707
13 78 1142.91425750141
13 79 2710.786786156374
13 80 1025.694886406284
13 81 2420.711672215425
13 82 590.8113065945844
13 83 2425.020618469047
13 84 1805.542854656183
13 85 904.0912564558956
13 86 1240.974214075377
13 87 654.548699486906
13 88 2031.358658632197
13 89 2340.571297781804
13 90 934.1049191605833
13 91 648.0563247125978
13 92 437.9052408912229
13 93 478.8319120526534
13 94 1295.373305267636
13 95 2538.410920241244
13 96 931.1890248494126
13 97 1209.059551883198
13 98 2762.588098142754
13 99 1609.178983208518
13 100 1460.179783451339
14 1 869.5084818447718
14 2 3050.009836049714
14 3 1149.960868899459
14 4 2910.010481080781
14 5 1077.839505677909
14 6 2374.833467845693
14 7 935.6243904473632
14 8 746.9062859556077
14 9 1824.554740203757
14 10 1409.831550221515
14 11 3051.86189071524
14 12 1097.41605601522
14 13 2034.09562213776
14 15 1580.185432156619
14 16 412.2923719886168
14 17 1081.503582980657
14 18 2476.346098589614
14 19 2094.665605771002
14 20 1583.491079861203
14 21 968.7734513290504
14 22 1549.248204775465
14 23 1553.675963642355
14 24 2627.828000459695
14 25 857.913748578492
14 26 779.6415843193589
14 27 2552.593191246894
14 28 1777.569689210524
14 29 2783.865837284548
14 30 1489.037272871301
14 31 1415.402769532404
14 32 1213.593424504269
14 33 1201.313447856137
14 34 2490.882775242545
14 35 890.1640298282109
14 36 1608.494016152998
14 37 2620.658886616112
14 38 1078.781720275237
14 39 1756.007118436597
14 40 838.4032442685321
14 41 2397.934527880192
14 42 1132.969549458413
14 43 1953.239616636935
14 44 116.400171821179
14 45 934.8240476153788
14 46 1124.209944805684
14 47 803.5602030961961
14 48 1084.550598174193
14 49 1351.204277672329
14 50 1492.655352048824
14 51 1236.781710731526
14 52 73.60027173862879
14 53 2641.093144892849
14 54 953.6482580071124
14 55 2108.13021419456
14 56 1474.222846112486
14 57 1354.094531412043
14 58 1245.61832035339
14 59 1526.481247837654
14 60 1636.546669056523
14 61 270.8966592632696
14 62 1248.658880559459
14 63 1083.077097902084
14 64 1421.894862498631
14 65 976.6212162348307
14 66 1598.37448678337
14 67 2710.895424025058
14 68 996.7517243526595
14 69 1104.762417898075
14 70 2567.63646180685
14 71 308.4153044192198
14 72 394.8936565709811
14 73 407.0196555450363
14 74 921.3821140004835
14 75 2269.94735621776
14 76 1052.722660533153
14 77 2830.393082241405
14 78 2745.132783673679
14 79 677.1026510064778
14 80 1330.460446612375
14 81 437.3213921133975
14 82 2617.962757565508
14 83 699.8114031651671
14 84 1096.065691461967
14 85 2798.485661925035
14 86 1918.807963293878
14 87 2447.692178359036
14 88 868.2562985662702
14 89 370.5199049983685
14 90 1188.927668111059
14 91 1974.321655657963
14 92 2469.160586110187
14 93 1805.334595026639
14 94 2199.146425320515
14 95 1487.344277563201
14 96 2859.365314191245
14 97 1118.184242421614
14 98 1413.27775047936
14 99 961.0078043387578
14 100 2777.139895648039
15 1 1050.453711498036
15 2 3019.56453814122
15 3 1822.039516585741
15 4 2921.341643834216
15 5 1766.354437818186
15 6 2721.914767218107
15 7 903.8390343418456
15 8 1483.222505223003
15 9 1616.32484358807
15 10 1012.87758391624
15 11 3063.27879893424
15 12 692.3698433640795
15 13 2151.620087283069
15 14 1580.185432156619
15 16 1612.089637706291
15 17 568.5701363947987
15 18 3338.709930497108
15 19 2961.417565963976
15 20 22.13594362117865
15 21 951.262319236918
15 22 2489.299499859348
15 23 237.7162173685254
15 24 3452.277219459642
15 25 968.13325529082
15 26 1936.757341537654
15 27 2366.386697055238
15 28 449.1770252361534
15 29 3535.090522179029
15 30 1990.152255481977
15 31 1582.241764080319
15 32 640.4880951274582
15 33 2234.784105903745
15 34 2920.747335871421
15 35 693.0699820364463
15 36 568.9402429078119
15 37 2959.791377783238
15 38 2264.051236169359
15 39 2565.729720761718
15 40 760.9954007745382
15 41 2186.108871945768
15 42 1828.586886095381
15 43 2809.182265357661
15 44 1684.96439131514
15 45 813.0498139720592
15 46 1870.694523432407
15 47 1497.179014012686
15 48 1924.807522844817
15 49 279.6301128276424
15 50 668.2828742381478
15 51 1099.42757833338
15 52 1530.895489574648
15 53 3155.955164447049
15 54 891.0965155357752
15 55 2583.897250279121
15 56 108.0046295304049
15 57 1282.127138781486
15 58 505.0633623615952
15 59 672.2001190121882
15 60 941.7266057619908
15 61 1744.072532895349
15 62 337.0534082308025
15 63 571.1829829397931
15 64 348.8108369876143
15 65 1375.837563086573
15 66 1897.629310481897
15 67 2486.09734322693
15 68 2237.735462470933
15 69 1257.229493767944
15 70 2799.579432700562
15 71 1780.337608432738
15 72 1883.780507384021
15 73 1556.109571977501
15 74 982.3894339822675
15 75 2161.813359196395
15 76 760.1716911329966
15 77 3147.205268170476
15 78 3253.561740615967
15 79 1881.631738677896
15 80 1151.304043248351
15 81 1930.812264307434
15 82 2542.535938782381
15 83 1184.787744703666
15 84 532.0169170242616
15 85 3052.558926540158
15 86 2842.549911611052
15 87 2116.029536655857
15 88 721.2828848655706
15 89 1896.257630175816
15 90 1919.016675279295
15 91 2536.480238440663
15 92 2448.61185164166
15 93 2280.853568294116
15 94 3063.876139794166
15 95 516.1133596410773
15 96 3070.651396690937
15 97 1048.867007775533
15 98 871.6444229156749
15 99 765.4031617389622
15 100 3479.659753481653
16 1 671.3046998196869
16 2 3442.142501408098
16 3 740.0168916991017
16 4 3303.94007209574
16 5 1483.494860119171
16 6 2783.206244603515
16 7 789.2401408950257
16 8 1135.55272885058
16 9 2168.558276828179
16 10 1685.909250226714
16 11 3447.162601328809
16 12 997.9343665792857
16 13 2423.139286132764
16 14 412.2923719886168
16 15 1612.089637706291
16 17 1216.163229176084
16 18 2875.306766242517
16 19 2497.351597192514
16 20 1620.86304171574
16 21 790.5371591519275
16 22 1953.937818867325
16 23 1524.899996721096
16 24 3028.534464060133
16 25 1118.277693598509
16 26 408.7957925419487
16 27 2922.965104136551
16 28 1704.547153938547
16 29 3188.535086838468
16 30 1894.009767662247
16 31 1785.791141203248
16 32 1105.48450916329
16 33 1605.570615077394
16 34 2902.206746598181
16 35 940.17711097431
16 36 1492.565576448821
16 37 3030.154121492832
16 38 1468.285054068181
16 39 2165.510101569605
16 40 968.9112446452461
16 41 2761.967595754882
16 42 1540.657327247042
16 43 2358.294298852456
16 44 480.7514950574777
16 45 1146.11212365981
16 46 712.0653059937691
16 47 429.8395049317826
16 48 1496.565735275267
16 49 1435.219843787007
16 50 1690.380134762592
16 51 977.4343967755585
16 52 466.4011149214804
16 53 3053.378784232313
16 54 1198.081800212323
16 55 2518.962087844912
16 56 1504.370300158841
16 57 1683.686728581062
16 58 1181.397477566293
16 59 1382.35306633291
16 60 1882.318782778305
16 61 252.1785082040101
16 62 1277.049724952008
16 63 1052.023288715606
16 64 1374.87817642146
16 65 1340.436496071336
16 66 1991.414572609129
16 67 3080.038473785677
16 68 1379.688733011907
16 69 801.1772587885904
16 70 2972.317950691009
16 71 261.5205536855564
16 72 751.3880488802041
16 73 56.0357029044876
16 74 741.3568641349455
16 75 2642.497303688312
16 76 936.6803083229624
16 77 3240.104936572271
16 78 3157.401621586966
16 79 316.4127051810657
16 80 1637.928569871104
16 81 371.7324306540929
16 82 3000.781564859395
16 83 485.4739951840881
16 84 1214.706960546452
16 85 3205.786175027898
16 86 2319.081068009482
16 87 2798.209784844589
16 88 903.3327183269739
16 89 382.4264635194589
16 90 1599.266081676217
16 91 2386.251663173857
16 92 2854.564940582015
16 93 2213.87714202934
16 94 2600.819101744679
16 95 1386.204169666215
16 96 3265.137822512244
16 97 1412.15615283863
16 98 1215.740515077128
16 99 1157.124453116431
16 100 3184.510166414923
17 1 854.4196861027957
17 2 2712.973645282976
17 3 1633.862907345656
17 4 2597.900883405678
17 5 1221.651341422748
17 6 2293.438466582437
17 7 738.7563874512355
17 8 917.7673997260962
17 9 1290.910531369235
17 10 665.0751837198559
17 11 2744.297542177233
17 12 632.0569594585602
17 13 1759.632063813342
17 14 1081.503582980657
17 15 568.5701363947987
17 16 1216.163229176084
17 18 2816.693096522942
17 19 2432.51351486482
17 20 563.2139913034831
17 21 811.8152499183543
17 22 1941.262475813098
17 23 662.2816621347748
17 24 2938.348175421014
17 25 404.4675512324815
17 26 1596.316071459534
17 27 2088.312716046139
17 28 931.8411881860557
17 29 3035.84798697168
17 30 1490.592499645694
17 31 1125.591844320134
17 32 680.0683789149441
17 33 1673.278219543899
17 34 2478.041363658
17 35 321.4747268448952
17 36 907.3791930609826
17 37 2541.300651241407
17 38 1696.04245229888
17 39 2036.694626103776
17 40 250.0599928017275
17 41 1907.821794612904
17 42 1286.633591975587
17 43 2278.939446321468
17 44 1174.582904694258
17 45 249.0020080240318
17 46 1662.047532412957
17 47 1244.863446326544
17 48 1371.021516971926
17 49 295.2371927789587
17 50 500.7933705631496
17 51 1094.514047420133
17 52 1022.0591959373
17 53 2699.373445820344
17 54 341.2228011138763
17 55 2118.962246006285
17 56 482.8881858153086
17 57 854.9023336030848
17 58 575.4624227523461
17 59 927.1639552959336
17 60 752.1735172152765
17 61 1288.512708513191
17 62 337.0949421157191
17 63 456.2477397204286
17 64 616.000811687777
17 65 837.6138728555061
17 66 1437.05010351066
17 67 2227.913822390803
17 68 1669.175844541252
17 69 1162.84564753883
17 70 2405.004989599814
17 71 1327.798930561401
17 72 1342.261151937282
17 73 1163.412652501253
17 74 814.2954009448905
17 75 1844.340803647742
17 76 668.8385455399532
17 77 2740.041058086539
17 78 2800.784175905027
17 79 1520.697866112792
17 80 737.0108547368892
17 81 1478.681845428556
17 82 2233.489870135972
17 83 905.1154622477732
17 84 47.43416490252569
17 85 2659.94360842481
17 86 2303.364929836347
17 87 1880.213019846422
17 88 366.001366117669
17 89 1430.277245851307
17 90 1377.419689128916
17 91 2050.928570184735
17 92 2116.768291523661
17 93 1802.924568582946
17 94 2537.10642267919
17 95 791.0606803526516
17 96 2690.716633166711
17 97 561.1007039738945
17 98 1007.557442531194
17 99 200.9427779244629
17 100 2989.090831674407
18 1 3242.253691493002
18 2 1746.086481248853
18 3 3612.202098443552
18 4 1632.514931019009
18 5 1604.618334682737
18 6 1027.176713131679
18 7 3240.891389725981
18 8 1963.77009856042
18 9 1994.26427536573
18 10 2386.580189308543
18 11 1678.971411311104
18 12 3296.316732354462
18 13 1489.236381505636
18 14 2476.346098589614
18 15 3338.709930497108
18 16 2875.306766242517
18 17 2816.693096522942
18 19 391.7371567773473
18 20 3325.616033158368
18 21 3302.082373291133
18 22 934.2483609833095
18 23 3476.905664524133
18 24 159.6558799418299
18 25 2425.94517662704
18 26 3153.162380848788
18 27 1876.834036349512
18 28 3746.248256589517
18 29 356.79265687511
18 30 1355.283734130975
18 31 1789.698577973397
18 32 3393.944755001177
18 33 1277.517905941048
18 34 863.0370791570892
18 35 2927.339064748052
18 36 3710.119270320026
18 37 1023.875480710423
